Matriz 1
0 2 0 2 1 9 1 9 2 8 4 5 5 0 0 3 9 2 1 4 8 5 2 1 0 2 0 1 6 2 9 1 4 2 2 0 1 4 3 1 1 1 5 8 7 0 9 6 9 1 8 7 2 6 9 2 2 3 9 1 5 4 7 9 1 3 5 1 4 4 8 7 1 1 5 6 8 6 3 5 8 7 0 5 2 9 8 4 8 0 
9 3 1 6 7 2 1 2 4 8 9 8 6 6 9 0 7 0 7 6 0 3 1 7 7 3 8 7 5 3 4 4 4 3 1 0 9 6 3 9 4 3 5 0 7 4 2 7 3 9 4 9 5 6 1 5 9 9 0 4 8 0 9 0 2 8 3 1 4 0 7 3 5 3 7 4 0 1 4 1 4 4 0 7 9 3 6 8 3 0 
5 9 0 7 3 4 2 7 0 8 7 0 1 8 6 7 6 9 1 5 8 7 2 5 3 3 8 7 4 5 7 2 5 2 0 4 0 1 1 6 2 9 4 2 6 9 4 9 6 8 4 7 7 9 7 6 6 1 6 0 5 1 4 3 6 2 8 7 0 6 3 8 2 1 7 5 3 6 9 2 3 9 6 8 4 7 1 8 8 6 
2 1 0 7 9 6 6 3 4 2 0 9 6 9 0 2 9 0 3 0 9 4 5 1 2 2 4 9 1 6 8 9 4 0 1 9 0 9 4 9 9 6 6 7 5 3 6 4 4 0 6 9 7 4 2 3 9 8 6 5 2 9 3 2 0 4 4 3 3 6 6 0 0 3 5 3 1 8 0 5 5 8 6 1 4 8 8 9 0 0 
5 6 8 2 9 2 0 6 4 7 9 2 7 0 5 6 6 8 1 7 1 7 3 9 3 0 7 1 5 5 6 5 8 1 6 2 3 3 3 9 5 2 6 9 9 7 8 2 8 8 6 7 2 1 7 6 3 6 5 5 4 4 7 3 1 2 4 1 2 6 4 4 2 0 0 5 2 1 9 9 8 1 5 1 7 2 2 4 1 5 
5 0 4 1 6 7 5 9 4 3 2 7 5 3 9 2 3 3 5 4 8 1 3 8 5 3 0 5 7 3 1 4 9 4 6 1 5 2 4 0 7 8 8 4 4 3 5 2 7 3 1 9 8 5 5 2 0 1 7 6 4 9 9 8 1 1 0 9 7 1 3 6 7 4 4 9 3 2 1 1 7 5 7 6 2 8 5 1 5 0 
0 4 2 8 0 9 5 7 3 1 4 1 8 6 1 7 1 7 9 9 8 1 7 1 5 9 4 1 6 1 1 0 4 7 5 7 9 9 0 2 5 4 4 4 0 1 6 5 0 5 3 1 6 5 5 1 0 1 6 9 3 7 3 1 8 1 5 9 5 8 2 2 0 3 1 4 7 8 7 6 3 9 0 2 3 9 5 4 9 3 
3 9 2 3 2 6 7 5 6 7 1 1 2 1 6 6 3 4 7 6 6 6 2 6 2 2 4 1 2 0 8 2 6 0 3 5 2 7 3 8 1 0 8 4 5 3 3 0 3 3 0 1 1 2 6 4 6 3 8 9 4 3 1 9 8 4 4 4 6 3 2 2 4 7 5 3 2 1 4 7 5 4 0 8 0 2 2 2 2 6 
9 8 9 4 3 1 8 2 7 6 5 1 4 9 9 7 6 2 0 3 4 5 3 3 2 9 1 8 0 6 4 7 2 9 0 7 9 8 2 5 3 5 1 3 4 0 5 2 1 1 4 7 3 9 0 0 5 0 2 0 7 6 3 4 0 0 6 2 7 6 0 3 4 4 3 3 8 6 2 9 0 1 1 7 9 8 2 8 8 6 
2 3 5 5 2 2 8 0 1 7 5 1 8 8 8 0 8 2 8 1 6 7 9 5 9 2 0 5 7 9 8 8 8 2 2 8 9 6 5 1 5 4 9 6 3 6 9 4 6 5 0 0 1 0 9 4 8 2 0 8 8 1 0 7 2 7 8 6 8 8 2 4 5 2 9 1 8 7 0 6 8 9 5 7 6 4 2 3 0 5 
9 9 3 9 4 0 3 1 7 5 8 4 0 0 4 2 6 6 3 7 2 1 9 7 3 4 4 4 9 9 2 0 6 0 3 8 7 5 2 7 9 9 6 2 8 1 4 1 2 1 1 6 0 7 6 3 2 1 8 7 6 0 4 2 6 7 6 8 4 2 5 1 9 9 8 5 8 9 0 4 9 5 6 4 4 5 5 8 3 4 
5 9 0 8 2 8 5 0 3 6 5 7 2 0 6 8 8 7 8 8 0 5 4 1 4 6 0 5 1 9 1 1 5 0 6 7 1 5 1 4 5 0 7 2 2 8 1 7 0 3 3 4 6 2 8 8 1 4 7 9 2 8 1 2 8 2 0 9 9 9 2 3 9 2 0 1 4 8 7 2 1 0 3 2 3 2 2 1 9 1 
8 3 4 2 5 1 3 9 5 3 5 6 4 1 2 4 9 7 2 9 8 5 5 1 0 2 1 8 8 3 6 5 8 3 3 7 4 4 0 1 2 1 3 2 0 4 5 9 5 5 7 2 8 3 6 2 9 5 4 8 4 5 7 5 1 1 5 1 5 5 3 5 2 0 9 2 7 7 6 7 8 7 7 1 0 8 5 8 3 5 
1 0 0 4 4 8 3 8 0 5 8 4 7 3 5 7 0 8 8 1 6 5 8 2 5 1 0 8 2 2 4 5 8 9 9 1 3 9 4 4 0 6 3 2 2 4 5 5 6 3 8 5 6 4 9 4 7 6 9 0 4 2 8 6 5 4 6 6 0 5 2 3 1 1 9 9 8 6 1 4 4 2 5 5 1 7 9 2 0 7 
7 7 0 5 8 1 5 5 4 5 0 1 6 3 1 0 9 0 4 4 0 7 1 5 4 5 7 7 5 4 5 0 4 6 0 3 9 5 6 0 7 6 7 2 5 1 2 8 6 7 9 9 2 3 9 0 2 2 9 3 2 0 0 4 8 5 2 0 0 7 0 7 4 3 8 4 4 0 6 3 5 5 6 8 3 0 4 8 3 6 
0 7 9 1 1 0 6 8 5 2 3 3 6 8 3 3 0 2 9 5 1 1 7 3 7 2 2 1 9 9 9 9 5 9 6 7 6 6 9 7 9 0 8 3 5 1 5 7 2 8 5 8 6 6 0 4 6 4 0 6 2 3 0 0 8 6 8 6 5 9 7 7 0 4 1 8 9 1 3 7 6 7 1 8 8 3 3 5 4 7 
1 9 9 3 8 7 7 8 2 7 7 1 3 7 8 3 3 4 7 7 1 1 1 9 1 6 9 3 8 1 0 1 2 7 5 9 9 7 4 6 7 6 6 2 5 4 2 0 1 0 2 6 3 6 4 5 9 9 3 1 6 5 2 7 3 5 0 1 8 1 2 5 2 0 7 6 8 7 7 1 4 9 3 0 9 8 2 9 2 0 
1 7 9 6 1 0 9 3 1 8 8 5 3 5 6 9 5 2 1 5 0 9 5 4 6 0 0 7 4 1 3 9 7 6 3 2 1 5 5 7 4 0 7 9 3 4 3 6 0 2 8 0 9 8 8 8 6 9 8 8 3 0 0 0 4 7 2 4 6 5 3 0 5 5 2 7 8 3 7 3 1 5 0 6 7 4 0 0 9 0 
1 7 0 1 0 0 9 7 7 0 7 7 3 4 6 4 7 8 5 6 0 7 3 1 9 9 9 6 7 5 8 1 2 4 5 5 8 7 0 4 3 1 1 6 0 1 5 5 8 9 1 9 1 1 7 8 0 6 8 9 7 9 7 4 4 0 2 7 9 2 7 9 1 0 9 0 4 1 7 0 1 1 2 1 1 0 3 8 7 8 
0 3 2 7 2 3 0 1 5 6 6 0 7 8 7 1 6 4 3 8 5 5 8 2 1 4 6 8 3 0 4 4 1 0 7 7 4 0 1 7 2 1 8 5 8 8 2 5 5 1 6 5 2 4 1 5 7 5 8 3 0 2 8 8 3 6 9 3 0 7 3 6 1 0 5 9 7 0 2 9 0 1 0 5 4 3 8 9 4 3 
6 7 8 3 7 0 1 3 9 5 3 2 1 3 6 6 0 1 2 3 8 1 8 2 5 3 9 2 2 7 3 6 9 8 2 2 7 2 2 8 6 9 9 0 0 3 3 1 9 5 3 5 6 3 8 9 4 3 4 9 3 0 6 1 5 0 7 3 7 4 9 1 5 8 0 6 4 2 4 8 2 2 7 7 6 0 8 9 8 6 
9 2 4 6 0 0 6 5 1 9 7 3 3 2 4 4 5 0 3 0 6 9 6 7 0 7 8 6 6 6 0 9 0 7 9 1 1 9 9 9 4 0 0 7 8 3 7 9 4 4 6 2 0 9 1 9 6 2 8 8 8 9 6 4 7 6 8 4 2 7 3 3 0 1 8 8 1 3 8 0 9 2 6 7 4 6 5 1 7 7 
3 1 6 6 3 6 4 2 9 3 7 4 2 0 0 7 5 2 5 2 6 6 8 4 2 2 0 4 3 5 5 9 3 4 3 2 6 3 2 5 5 6 7 1 0 8 0 7 3 5 2 0 1 5 2 0 1 7 3 3 8 0 1 7 4 8 3 7 4 9 9 8 1 1 0 0 7 1 1 0 2 4 8 9 8 3 3 9 1 0 
8 1 5 1 3 3 1 1 1 6 4 0 3 3 2 5 8 2 4 1 6 5 3 1 2 7 9 7 9 1 7 5 8 0 3 1 1 9 6 3 2 0 0 8 9 4 9 2 1 1 9 7 1 7 9 9 2 4 6 5 3 4 3 1 5 1 6 7 7 7 6 9 6 7 8 0 8 5 5 9 2 4 1 9 9 6 5 8 3 7 
1 5 6 2 3 1 5 6 3 9 4 8 5 3 5 1 2 0 1 1 8 9 3 4 5 9 2 3 7 7 1 4 7 3 9 2 0 3 2 0 2 1 0 4 2 5 4 8 6 2 7 4 1 3 8 4 6 9 1 5 0 1 1 1 1 4 2 0 0 0 0 3 4 2 9 4 1 7 5 0 3 2 6 3 0 9 3 7 9 7 
1 3 9 7 0 5 5 3 4 1 5 4 8 9 5 0 8 2 5 4 0 3 1 0 7 9 6 4 7 6 3 0 2 1 4 7 0 1 2 8 5 6 3 0 7 4 6 3 0 2 5 1 3 9 4 7 5 5 5 2 7 4 4 6 8 2 9 1 8 7 9 6 1 7 0 2 8 3 7 1 9 1 9 0 3 2 6 1 2 7 
7 2 7 2 6 4 9 3 8 7 7 6 3 5 7 2 4 4 2 0 1 6 0 2 7 4 4 0 9 4 7 4 4 7 8 9 4 4 0 7 1 4 3 4 1 2 9 4 9 6 0 2 3 2 5 3 1 3 3 1 0 4 2 9 3 4 0 1 4 9 4 8 1 2 1 0 8 5 7 5 9 7 7 7 3 1 1 5 4 9 
2 1 9 3 2 1 1 4 0 0 1 5 5 9 1 7 1 5 6 0 3 3 2 3 1 0 9 9 7 6 9 3 5 4 2 3 9 2 7 0 3 5 8 1 5 6 4 9 1 6 2 0 9 7 1 7 0 1 9 7 3 1 5 0 5 3 9 1 1 8 0 8 1 1 5 7 6 7 0 2 7 3 3 6 7 8 3 0 2 8 
4 6 5 7 3 1 9 9 3 1 5 0 2 6 6 3 2 4 5 5 5 2 6 2 9 5 9 4 8 8 9 6 5 2 7 3 5 2 9 4 2 7 6 5 6 0 7 8 2 6 8 4 5 9 4 7 6 2 7 9 2 8 0 5 9 3 4 4 6 8 1 3 1 3 4 2 4 2 1 0 3 9 2 9 1 5 2 3 5 3 
8 0 2 0 3 3 5 4 9 2 2 4 8 1 5 5 4 8 9 9 2 0 8 9 2 1 1 1 4 6 9 4 1 2 7 5 8 9 6 9 2 2 5 5 8 2 9 3 3 4 0 3 1 9 3 7 8 8 5 8 1 3 9 2 4 7 1 5 5 0 3 3 9 9 1 4 8 5 8 5 9 9 5 4 8 0 6 7 9 6 
3 5 0 4 5 3 7 8 8 7 1 2 5 6 7 8 6 8 1 7 6 2 6 8 4 2 4 4 7 7 4 9 4 8 3 1 1 5 5 3 2 5 4 8 2 0 4 8 8 5 8 4 1 7 7 5 9 8 4 9 7 5 3 3 4 8 4 3 3 3 5 2 3 2 9 3 5 1 4 3 2 3 5 5 1 3 1 3 7 1 
0 7 5 7 5 1 3 0 5 0 8 7 2 3 9 9 3 1 9 1 2 7 1 7 5 9 5 3 0 0 7 5 9 2 7 6 0 9 2 2 0 4 2 6 8 8 9 8 2 9 4 2 2 0 2 3 8 0 6 8 6 3 2 6 2 5 5 7 1 4 2 9 8 3 0 4 0 4 0 8 0 6 4 6 3 2 2 7 4 0 
6 7 3 2 6 2 9 5 6 9 7 4 6 2 6 0 8 1 2 9 8 9 2 4 0 9 9 1 8 7 0 8 8 2 7 0 4 8 8 6 9 8 0 4 6 4 4 5 7 4 0 5 6 3 9 4 7 9 5 0 0 0 0 8 6 7 8 3 9 2 7 0 3 6 4 5 3 0 5 5 2 0 6 9 1 7 0 7 8 7 
3 0 1 4 2 2 4 0 9 0 3 2 7 1 6 1 4 0 7 8 6 7 6 4 9 9 4 8 7 9 2 8 6 6 5 5 9 5 4 5 6 8 3 3 8 6 5 8 5 8 4 3 0 1 9 8 6 7 5 9 5 7 2 5 5 9 9 4 4 6 5 3 5 4 6 0 3 6 8 5 7 6 1 0 8 4 5 8 2 7 
8 4 0 9 3 5 6 0 3 7 9 9 3 0 4 8 8 6 2 8 6 8 6 2 1 3 3 8 5 3 8 4 5 6 9 5 9 0 4 7 6 7 7 9 5 4 6 4 2 3 7 1 5 4 8 6 4 7 2 4 1 6 0 2 3 5 7 0 3 4 8 0 0 3 8 3 9 2 1 3 4 8 0 6 4 8 6 6 0 9 
9 1 5 2 9 6 9 7 6 4 6 5 5 9 3 7 7 8 3 3 8 0 7 8 2 6 9 1 6 3 3 7 0 4 7 1 1 5 0 4 0 2 7 5 8 6 0 3 0 9 9 5 4 4 9 2 3 1 1 6 9 2 9 4 5 9 6 9 9 0 4 0 0 1 1 3 4 2 3 7 1 4 3 1 9 3 7 6 6 0 
0 0 1 2 0 2 8 3 4 8 9 1 6 7 8 1 3 8 5 0 5 3 3 9 3 3 0 5 5 8 2 5 5 2 6 0 9 7 1 2 5 1 4 1 0 6 2 3 7 2 2 7 9 4 2 7 8 2 8 6 6 5 6 8 6 8 4 2 1 5 7 0 4 2 7 5 2 4 1 3 6 7 9 5 9 6 7 6 1 8 
6 4 5 9 4 5 8 2 5 3 2 4 8 2 0 5 5 9 2 7 4 1 8 5 5 1 9 8 0 4 5 1 0 1 0 3 4 9 9 9 4 3 9 6 8 4 1 3 7 6 8 3 3 6 9 9 7 0 8 0 0 1 1 2 3 7 9 7 5 7 2 1 2 0 1 0 6 4 0 9 7 1 6 1 4 9 8 0 5 7 
2 1 3 9 3 0 6 9 0 6 2 4 7 4 6 0 1 8 8 9 9 4 3 2 3 3 6 7 4 8 7 1 4 6 1 8 9 2 6 1 4 9 3 8 3 0 8 3 2 9 1 0 0 6 6 1 1 5 9 4 1 7 7 6 3 7 4 6 9 6 1 9 9 9 1 3 9 4 4 7 7 6 1 0 7 9 5 3 7 8 
9 5 6 8 1 2 4 2 4 0 1 4 3 7 4 3 9 6 0 7 5 4 1 7 3 8 2 6 5 9 1 7 6 7 3 4 7 7 9 3 7 0 8 8 5 7 6 7 2 3 1 3 8 8 2 2 9 2 4 5 1 7 0 0 3 0 3 7 1 1 3 4 1 1 0 8 2 9 2 8 7 1 8 6 8 4 5 5 8 5 
5 2 1 2 3 0 3 7 4 3 3 5 2 9 6 1 2 3 6 0 0 5 7 8 8 5 5 3 0 9 1 4 5 0 7 4 6 2 3 7 6 6 3 8 4 2 2 0 6 1 4 2 0 6 9 9 5 8 6 4 7 8 7 9 1 1 0 8 0 6 7 8 4 5 6 2 9 5 3 5 7 1 4 9 5 8 6 1 5 2 
7 6 1 9 8 0 5 6 3 6 5 5 4 3 2 1 6 1 3 1 9 0 4 6 3 8 9 2 1 3 5 8 6 8 2 4 4 6 0 8 7 4 3 0 5 1 1 2 9 0 6 5 0 3 8 8 2 4 1 4 3 7 7 4 5 2 1 6 3 6 3 1 8 6 5 6 8 3 8 4 3 9 8 8 7 7 0 8 8 0 
7 2 6 3 4 3 8 6 0 2 2 9 0 5 4 5 6 1 5 2 8 1 1 5 6 0 9 7 0 2 0 0 7 3 9 5 2 7 9 7 4 0 2 4 0 0 6 3 5 7 4 5 2 4 8 0 6 7 9 4 3 6 9 3 9 3 5 4 4 0 6 7 4 2 1 8 5 3 7 4 1 2 0 4 1 0 9 2 6 0 
5 1 7 8 5 4 2 5 9 2 7 9 1 2 0 7 4 7 8 8 1 4 3 1 0 4 7 6 7 0 4 4 9 5 0 2 0 9 5 7 7 7 7 7 6 5 9 4 2 7 6 7 6 2 3 3 5 9 8 2 8 7 8 8 3 6 5 8 4 0 3 1 6 4 9 8 5 8 1 5 2 6 7 5 6 1 9 0 5 1 
5 7 9 6 4 8 7 7 0 9 0 8 7 6 6 2 1 4 7 4 7 9 7 2 3 6 9 5 6 3 3 6 7 6 6 7 3 0 6 1 8 8 3 6 9 4 6 1 4 9 0 5 4 7 2 7 8 0 0 5 7 9 1 9 0 9 5 8 4 6 9 9 8 3 7 5 8 9 6 1 9 0 2 9 6 5 9 5 5 3 
9 0 4 4 0 7 0 7 8 9 4 0 0 6 7 1 9 7 2 3 8 7 0 1 5 5 8 5 4 7 2 0 3 6 2 4 5 2 0 8 8 5 0 9 6 7 1 4 7 4 4 3 3 7 2 1 0 9 0 8 8 9 7 6 7 9 3 3 9 2 9 4 3 3 5 6 1 5 2 5 5 3 8 7 9 3 6 0 4 7 
7 4 2 9 4 5 1 9 0 9 8 2 1 8 1 6 2 1 2 8 4 6 6 7 4 0 2 0 9 0 7 1 8 3 2 9 1 6 5 8 3 7 2 0 0 2 0 9 7 3 0 2 3 0 3 1 0 3 0 5 7 9 7 9 7 8 8 0 0 2 3 3 6 8 3 8 7 1 2 0 7 8 2 9 5 9 8 3 2 5 
9 7 5 0 3 9 3 7 0 0 1 5 6 7 7 6 8 5 6 5 0 1 7 2 8 7 4 2 7 2 6 3 4 1 5 2 6 4 9 4 8 0 8 6 5 2 8 7 5 6 0 0 8 1 0 6 9 6 0 6 4 9 5 7 0 3 8 8 0 4 4 5 9 4 7 9 1 8 0 9 3 4 0 9 3 6 8 5 3 2 
4 6 5 5 4 1 9 0 9 3 9 3 1 8 2 2 6 6 5 8 8 8 6 0 1 3 6 9 9 7 2 2 9 2 2 5 4 1 3 0 8 9 2 6 0 7 6 3 0 2 7 6 3 4 2 6 1 8 6 0 2 1 9 7 1 5 9 2 0 4 6 8 9 6 5 7 3 7 7 3 5 1 9 4 4 7 2 3 6 9 
5 1 9 1 6 6 5 3 6 8 7 5 3 2 7 4 2 3 0 1 0 5 0 2 7 8 7 7 4 5 5 6 2 3 5 3 7 5 8 5 1 3 9 5 2 8 5 9 4 1 0 9 7 6 4 5 6 7 1 2 5 5 4 9 9 0 0 0 6 5 9 9 4 4 0 3 6 8 4 1 1 5 4 0 4 2 3 2 1 6 
4 1 1 4 2 2 8 8 5 6 8 8 3 2 0 7 2 6 1 2 8 0 5 3 8 5 1 4 5 0 8 1 9 6 1 7 6 0 9 7 5 8 7 3 2 1 5 2 3 0 1 4 8 2 1 7 5 7 2 8 7 6 3 1 2 2 1 3 4 9 0 4 6 9 5 5 0 8 4 3 3 4 6 7 7 9 7 5 9 5 
4 9 6 2 9 3 3 9 4 3 7 3 9 3 2 7 1 5 4 3 4 7 3 2 5 3 1 0 6 3 4 9 6 6 3 7 8 0 4 1 9 6 5 2 2 3 5 5 9 6 2 4 1 4 8 8 6 9 5 6 9 7 5 9 7 1 3 4 2 3 7 0 0 0 3 4 9 0 7 3 8 6 9 8 0 4 0 5 7 8 
3 8 8 1 1 4 8 3 2 3 0 3 7 0 4 9 5 4 5 2 1 8 8 1 9 4 5 1 9 8 4 5 5 4 5 1 7 8 5 8 7 8 3 6 3 9 5 9 5 3 5 1 8 0 3 2 4 7 9 3 1 3 7 8 0 9 1 2 4 7 5 3 1 0 6 9 0 7 9 4 0 7 5 4 5 2 4 4 9 2 
2 7 6 2 1 6 1 6 6 0 6 5 1 8 6 9 1 3 1 4 5 7 6 7 8 9 4 4 7 8 4 7 4 7 8 0 5 2 5 6 0 1 3 4 2 7 0 4 6 1 6 0 5 4 7 7 0 6 5 7 4 6 8 0 6 1 9 5 9 6 7 5 3 3 3 8 6 2 7 1 1 8 9 5 7 6 7 4 3 1 
2 6 6 5 6 9 4 9 2 3 0 6 0 1 2 4 5 6 3 7 3 0 5 2 8 7 6 9 8 6 8 6 5 8 8 0 3 1 2 8 3 3 3 1 8 4 2 1 8 7 9 0 2 5 8 9 2 3 8 2 6 4 1 1 8 8 0 4 2 2 6 4 9 0 6 7 1 6 0 2 7 0 0 3 7 5 2 7 9 2 
2 1 4 8 6 4 4 3 2 9 8 6 6 5 4 4 0 2 6 2 2 8 3 4 3 9 3 4 2 9 1 4 3 2 8 4 4 0 5 7 3 2 5 9 1 5 6 0 0 0 8 1 6 1 0 4 8 1 5 0 1 3 8 8 8 9 5 0 5 7 3 3 0 6 8 8 5 9 8 6 0 5 9 2 2 4 3 8 5 4 
2 4 5 4 5 3 7 5 8 5 9 7 9 9 1 9 8 4 1 1 3 6 9 1 1 0 8 6 7 6 4 6 3 0 3 5 2 2 7 8 2 2 0 1 7 9 9 8 0 9 3 4 8 6 2 7 7 6 9 6 1 2 3 4 0 9 1 9 0 9 2 8 8 1 7 8 6 8 4 5 9 7 9 3 6 5 3 2 1 0 
4 7 2 1 3 2 0 6 0 3 6 9 2 0 7 5 1 3 0 2 1 7 6 6 5 7 8 0 0 9 2 1 6 1 9 4 1 7 9 7 2 7 3 4 1 2 9 1 8 8 9 0 9 1 0 5 6 6 2 4 5 9 0 3 7 8 7 0 8 4 3 5 4 1 3 1 4 6 6 7 2 4 8 7 7 8 3 2 7 7 
2 1 3 6 0 7 5 3 8 3 3 0 9 7 9 0 7 2 3 6 6 7 6 6 4 4 4 6 8 5 2 0 2 6 3 1 5 4 3 0 3 8 0 6 4 7 0 0 2 0 8 1 5 1 8 0 7 4 7 7 5 0 7 9 9 0 6 7 9 5 9 4 6 7 2 5 4 4 8 4 7 0 9 8 8 1 2 8 5 2 
2 6 4 8 5 3 0 0 4 1 7 0 7 7 5 3 0 6 1 8 1 1 0 3 3 7 8 1 9 1 2 6 5 7 0 5 2 7 0 7 9 5 5 5 7 0 3 3 0 9 0 6 4 7 8 0 0 6 6 1 0 8 0 5 5 6 2 2 0 4 6 9 6 4 7 2 0 2 3 7 8 9 0 9 4 2 4 1 6 7 
4 2 1 0 6 6 3 6 1 5 5 0 0 2 7 2 9 1 3 8 0 7 4 9 4 5 6 1 6 3 4 1 5 8 7 2 5 4 5 9 2 1 3 4 5 7 0 7 6 5 5 2 7 6 2 4 3 4 7 7 2 3 0 9 9 9 4 0 1 8 3 1 7 6 0 8 3 7 6 9 5 5 5 5 2 2 7 6 1 8 
9 5 2 7 3 8 8 2 9 9 5 4 7 7 7 3 6 0 3 1 5 0 4 0 7 0 5 7 6 4 7 2 6 6 2 1 8 7 8 0 0 0 6 2 6 1 4 7 8 5 4 5 9 6 2 5 1 2 5 5 0 5 3 8 9 7 1 7 8 1 4 7 6 8 5 4 1 4 5 8 8 9 3 5 4 5 6 8 2 5 
1 7 9 1 7 1 9 9 1 6 2 8 6 3 7 7 1 5 9 9 7 5 6 3 3 5 5 7 3 9 3 1 5 9 4 6 1 2 1 5 8 2 7 4 4 3 4 6 4 0 3 9 0 2 8 0 1 2 6 3 2 1 4 0 4 6 8 5 1 6 9 0 1 3 0 1 4 1 2 8 5 6 3 6 1 8 1 4 1 1 
7 6 9 1 2 9 5 2 9 5 4 2 4 0 8 1 8 9 8 8 4 9 5 3 4 7 6 4 1 9 9 7 1 4 2 3 4 8 8 8 2 3 8 0 5 2 0 4 9 5 3 9 5 0 9 9 7 1 3 8 3 7 2 8 9 4 4 3 4 6 3 1 0 7 8 8 7 8 8 3 2 4 6 9 1 7 2 8 3 2 
4 4 5 2 0 2 5 2 6 5 0 8 5 9 6 3 3 2 1 5 2 8 8 3 8 6 5 4 4 3 9 1 6 3 2 4 8 5 7 3 3 7 7 1 8 4 4 2 3 0 7 3 9 7 1 6 4 4 6 7 5 6 9 1 7 1 8 5 5 8 6 2 2 6 6 7 9 2 6 5 8 3 3 8 2 8 4 3 9 7 
8 9 0 9 9 3 5 6 6 1 2 0 2 5 6 1 8 5 5 8 0 4 9 9 8 7 4 1 3 2 2 8 5 1 9 0 2 0 9 0 1 2 5 7 1 3 3 5 7 1 8 9 0 6 0 8 6 1 5 5 8 3 1 1 8 7 8 1 7 9 9 1 0 1 3 6 7 4 1 1 4 9 7 3 5 6 3 3 3 3 
5 9 4 3 3 0 4 2 4 2 3 7 7 5 7 9 5 9 4 8 0 8 1 0 3 9 0 6 0 9 4 4 9 0 7 4 0 3 7 2 7 6 2 8 8 2 0 2 3 4 5 1 3 1 0 1 9 1 4 6 3 6 8 5 5 3 0 7 0 6 6 4 0 9 8 0 5 8 7 8 5 4 9 3 5 4 0 9 5 7 
7 9 7 9 3 1 2 0 1 2 5 2 6 1 5 1 0 8 0 4 8 7 4 3 4 6 4 9 3 8 3 2 1 3 1 8 4 3 4 6 4 9 5 2 3 9 1 2 8 4 4 3 1 0 3 5 4 7 7 8 2 1 6 7 2 6 8 8 7 8 0 0 4 3 1 6 6 2 5 8 4 8 7 8 0 6 4 8 0 2 
7 1 0 7 4 8 5 6 7 8 3 3 5 8 5 0 1 0 5 9 7 3 8 4 7 7 9 1 2 3 2 3 9 6 3 9 5 5 3 1 4 3 0 1 6 3 1 3 2 8 7 8 9 0 4 4 1 5 4 8 2 0 1 5 5 1 2 7 2 7 1 9 1 9 1 0 3 9 8 0 1 8 0 8 5 2 9 4 8 2 
4 6 8 4 4 4 5 1 9 3 5 6 1 9 5 0 6 9 5 5 8 5 3 3 9 3 5 3 1 8 5 8 7 8 1 4 6 6 8 8 8 4 3 2 1 1 0 0 8 4 6 2 8 6 1 8 8 7 3 5 3 2 9 6 6 0 9 9 4 9 2 9 1 1 2 0 7 4 8 9 2 0 3 4 0 6 1 5 9 1 
7 9 9 6 5 5 6 3 9 0 2 4 4 2 9 7 0 8 2 8 3 7 2 0 3 5 8 2 2 0 3 5 6 4 9 7 9 1 0 7 3 0 6 6 1 5 6 7 3 2 7 6 7 4 2 4 8 0 0 6 8 8 1 9 1 8 3 1 3 1 1 4 3 6 5 0 3 0 8 0 0 3 6 6 4 8 7 6 1 9 
7 2 9 1 3 0 4 9 9 4 8 0 9 0 4 1 0 8 7 0 4 5 7 1 7 2 1 4 5 5 4 5 1 9 5 0 3 0 4 8 9 0 7 3 2 4 6 5 4 9 5 9 8 8 3 8 9 5 8 3 0 0 8 5 4 2 5 0 5 8 0 3 0 0 0 0 2 8 0 2 1 7 3 1 8 9 3 2 6 3 
7 0 7 1 5 3 2 4 9 8 9 0 3 7 6 9 7 6 9 3 3 2 0 5 5 9 2 1 6 8 3 0 0 8 6 5 3 1 7 4 3 1 8 6 4 9 5 2 1 6 7 1 2 5 2 5 6 4 2 0 6 9 4 8 6 6 9 8 3 4 6 4 0 0 0 2 2 1 8 5 7 2 1 1 7 4 9 9 1 4 
1 4 0 4 9 5 2 7 2 4 8 6 2 7 6 9 9 4 2 2 8 4 9 8 5 3 3 1 7 1 3 3 6 6 6 4 8 9 2 3 1 1 9 2 4 4 8 1 7 5 7 1 9 7 7 1 8 8 8 8 0 9 1 4 9 3 2 5 5 6 2 8 2 2 0 3 2 0 7 4 8 6 6 5 6 9 8 1 5 3 
5 0 0 5 7 8 0 9 9 1 7 6 1 0 5 5 1 0 8 3 6 3 9 6 0 5 9 9 4 8 4 0 1 8 8 6 8 6 8 7 1 0 6 4 0 2 9 1 7 3 6 5 6 3 5 7 4 2 1 5 2 0 2 6 6 7 5 0 7 8 7 4 7 6 4 5 1 0 9 7 9 9 1 8 6 7 6 7 8 8 
9 9 1 8 9 8 2 5 1 5 4 3 6 0 9 8 4 4 0 9 0 2 9 9 5 1 1 4 0 3 5 1 1 8 9 3 7 5 4 0 3 4 0 3 5 2 9 3 8 4 0 1 6 5 3 4 1 6 9 3 7 6 1 9 2 2 2 2 2 3 5 8 8 9 6 3 2 3 2 8 8 8 5 3 0 6 7 3 1 4 
6 4 0 7 1 8 7 2 1 2 3 8 7 8 5 6 2 5 9 5 9 0 4 8 7 9 3 5 3 9 5 7 8 2 8 8 2 5 3 7 8 5 8 2 3 7 9 0 0 6 1 9 8 5 9 4 0 2 2 5 8 9 0 8 4 2 3 1 7 3 0 8 9 4 7 2 5 8 2 7 2 4 2 7 4 7 2 7 8 7 
4 6 2 6 0 5 6 3 7 9 5 7 5 2 0 3 9 6 4 3 0 1 2 9 7 4 8 3 0 8 5 0 1 3 3 3 6 7 3 9 7 6 7 2 7 4 4 1 3 4 2 6 7 9 2 5 4 7 3 5 2 6 6 8 6 9 5 2 9 6 2 3 5 4 3 4 1 9 2 8 2 0 5 3 5 0 5 1 7 4 
9 3 1 1 1 4 0 3 0 5 1 0 1 1 0 3 4 5 0 0 9 8 3 0 0 2 2 2 7 6 8 1 0 3 5 4 1 8 4 0 3 2 8 1 7 5 1 4 4 3 3 6 2 3 5 5 0 6 3 8 1 1 3 5 5 9 9 7 1 2 5 7 8 0 7 5 5 3 6 7 0 3 3 4 2 3 5 9 6 8 
1 4 4 8 7 3 4 0 9 5 3 3 1 6 4 4 0 4 7 4 1 5 7 3 3 2 1 9 0 1 9 3 6 5 2 1 2 1 5 8 7 7 8 2 1 5 0 6 0 2 5 8 4 8 7 9 9 4 5 7 1 3 5 1 4 2 1 9 3 8 8 7 7 8 0 3 2 5 8 7 4 6 5 7 7 1 6 8 3 0 
3 9 4 8 5 7 9 0 0 5 3 8 0 6 4 3 2 8 8 0 7 4 2 5 3 6 0 0 3 9 5 2 4 5 0 8 7 6 0 6 3 3 2 9 2 9 1 6 3 0 1 3 4 9 2 9 5 4 8 6 1 0 7 0 2 6 1 5 0 3 5 1 7 9 8 8 3 6 8 4 1 8 0 2 0 5 0 9 4 4 
6 6 4 2 1 6 7 7 2 1 6 0 7 5 0 5 5 7 9 7 8 5 2 6 5 8 6 0 2 6 5 0 0 5 9 1 0 5 2 0 2 1 1 4 6 5 6 8 4 5 0 4 5 8 3 7 1 6 1 5 2 4 9 7 0 1 2 7 7 9 8 8 9 1 6 1 0 1 1 7 4 7 6 7 2 7 0 2 1 2 
4 0 2 0 0 8 8 2 1 9 3 7 4 4 7 7 4 3 8 5 3 7 0 5 4 7 2 4 8 6 9 1 0 5 0 3 7 4 3 0 9 6 4 2 0 2 3 8 0 5 9 5 2 3 4 4 3 6 4 4 8 8 4 6 5 8 5 2 6 4 1 3 4 6 0 6 1 2 5 3 4 9 6 0 9 4 8 7 9 0 
8 9 4 1 4 6 8 0 0 1 1 2 3 2 6 3 1 9 8 9 7 3 3 5 7 3 4 0 6 4 4 9 7 5 1 0 4 6 8 3 0 8 5 6 0 7 3 6 9 7 0 9 2 4 1 0 7 9 8 7 9 8 3 4 7 3 1 4 2 6 7 8 8 8 3 8 9 6 1 8 4 0 8 8 4 7 2 5 4 8 
0 4 5 4 3 9 8 4 5 2 1 2 8 8 4 2 7 5 0 1 6 5 1 4 6 7 7 6 0 0 5 0 3 5 9 1 0 4 9 9 9 8 9 4 0 5 3 1 3 2 7 2 3 1 0 2 1 8 8 4 1 9 7 3 8 4 0 5 6 9 8 5 6 6 9 8 1 9 9 2 9 5 4 6 6 8 1 8 9 7 
6 5 4 0 8 2 9 8 7 7 3 2 1 7 6 5 1 1 6 0 6 3 0 5 1 7 0 3 1 5 6 1 2 4 8 4 7 3 4 0 3 2 8 6 8 8 6 4 6 1 5 0 9 5 2 1 5 0 0 7 3 5 9 2 1 1 2 0 6 5 3 5 1 5 5 4 4 0 2 0 9 2 6 5 2 3 0 7 8 7 
1 4 4 8 3 3 5 7 0 3 7 9 9 1 2 2 3 8 8 7 0 6 6 6 0 0 8 4 7 6 7 5 0 9 2 9 7 0 3 3 8 0 4 8 6 2 6 4 3 6 2 9 5 6 8 2 4 7 4 1 3 4 1 9 7 3 4 5 6 1 5 3 2 0 6 7 5 2 6 5 0 9 4 9 7 7 7 6 2 6 
9 2 1 6 0 5 4 2 8 3 5 2 4 4 6 7 8 2 9 1 6 6 0 3 1 7 0 1 9 0 8 3 0 2 8 0 9 6 7 1 7 7 0 3 8 9 4 9 0 5 5 4 6 8 4 5 1 3 5 5 2 1 7 2 5 9 7 9 8 7 2 5 9 6 7 9 7 6 5 8 0 3 5 4 4 7 8 3 3 3 
4 1 5 1 0 1 9 3 0 7 1 7 0 7 3 7 5 4 8 3 7 2 4 2 5 3 7 6 4 5 9 8 1 7 1 0 8 8 2 8 1 4 7 0 0 0 9 6 4 5 9 8 2 1 9 2 7 3 1 7 2 3 1 8 6 5 1 4 1 8 8 3 9 2 3 4 1 2 8 0 4 9 0 1 2 2 2 8 3 6 
5 5 9 1 1 1 9 5 7 2 5 2 2 4 5 4 3 7 1 0 2 2 6 4 5 7 2 2 1 2 9 9 1 6 7 9 4 5 2 7 5 2 5 6 3 6 8 8 6 5 5 6 0 1 1 4 7 9 4 1 6 3 7 6 0 8 0 6 6 8 1 9 2 1 5 6 4 8 3 6 0 2 0 4 9 7 7 1 6 8 

Matriz 2
3 9 3 2 2 0 7 0 4 5 6 5 6 5 6 3 7 1 6 2 3 1 6 5 1 6 0 7 3 8 7 8 5 7 8 2 7 4 7 5 3 1 4 1 2 6 3 3 0 3 3 0 1 5 7 0 3 8 3 6 3 4 0 8 2 1 0 7 9 5 6 1 0 0 4 0 0 7 5 6 8 5 1 4 9 1 6 9 5 3 
8 9 1 4 1 7 1 4 9 7 0 7 2 7 8 8 6 0 6 6 8 3 8 6 8 8 1 6 6 4 6 3 4 1 1 3 3 1 4 3 2 2 1 0 6 1 8 6 2 6 9 5 5 0 7 5 9 4 2 7 8 2 7 2 1 6 7 8 0 6 6 9 5 7 0 7 4 9 1 8 1 7 7 5 0 9 6 3 3 2 
4 6 0 6 9 0 0 3 7 9 3 5 0 5 0 1 9 8 7 7 1 0 6 2 5 2 4 0 7 0 4 3 1 7 9 8 3 2 6 7 0 0 9 8 9 6 3 1 3 7 4 5 8 9 6 9 7 0 6 5 1 1 2 3 1 0 9 5 7 7 4 9 1 0 1 3 6 9 9 7 4 1 7 8 7 9 5 5 1 6 
1 7 7 9 9 2 7 4 3 0 9 4 9 4 7 3 3 1 9 2 8 7 9 2 5 5 2 2 0 4 9 9 1 7 0 2 5 7 2 9 2 5 5 9 5 5 2 1 4 5 0 6 8 2 5 3 9 5 5 3 0 9 5 9 2 6 3 2 9 7 9 6 0 8 0 9 4 6 0 0 1 9 3 1 9 1 0 0 2 7 
4 6 7 0 9 4 1 6 9 9 7 9 1 9 0 0 4 7 2 1 2 3 3 9 8 2 4 6 3 3 3 4 4 9 1 0 0 8 5 8 2 3 6 4 5 7 2 8 3 5 0 1 0 8 1 3 9 1 7 6 4 3 6 7 1 0 1 8 3 1 3 9 2 9 8 6 1 1 5 1 3 2 4 9 9 3 7 6 5 3 
3 7 1 4 2 5 0 2 2 4 6 6 2 6 0 6 2 0 6 4 3 6 0 9 4 9 3 5 8 8 5 4 9 7 0 4 2 8 1 9 3 7 4 5 7 5 7 6 8 3 4 6 2 3 7 2 1 9 5 1 0 1 1 6 3 2 3 8 6 4 6 3 9 6 3 0 8 2 2 3 4 7 6 4 9 5 6 4 5 1 
2 3 6 4 1 7 6 5 5 5 0 2 4 6 9 2 3 3 5 1 0 6 8 2 2 9 2 3 0 8 0 2 7 5 9 3 0 8 2 5 2 9 8 1 5 1 1 0 2 5 4 5 2 6 8 0 8 6 6 6 0 1 4 4 9 2 2 2 4 2 2 4 5 6 4 7 3 0 2 5 8 8 8 7 3 7 3 5 9 2 
7 0 0 9 9 5 8 0 8 1 9 6 7 1 4 1 7 5 7 9 4 6 2 1 5 3 5 7 4 0 6 3 6 3 8 1 1 7 5 7 2 5 1 2 5 5 5 9 0 8 8 5 9 7 2 7 5 6 7 6 4 8 6 4 4 9 5 6 8 3 7 0 5 5 8 1 8 3 1 5 3 2 0 7 3 2 4 9 1 7 
9 1 2 6 3 0 7 9 2 7 0 0 5 8 5 8 8 5 8 3 6 2 8 2 9 8 2 8 9 9 4 2 1 2 3 4 2 3 2 5 7 5 5 1 1 0 0 9 1 3 8 6 8 5 6 3 5 7 5 6 1 4 8 6 7 6 9 9 3 7 7 7 5 7 5 0 2 3 2 4 9 6 5 8 3 1 3 7 5 1 
1 2 0 8 6 4 3 9 9 0 5 9 1 9 4 0 6 3 9 2 4 4 9 0 2 6 5 0 4 5 2 8 2 6 3 0 5 9 1 6 4 5 9 8 7 4 4 7 6 0 4 1 8 8 4 5 8 9 0 5 4 7 6 6 2 4 9 0 8 7 5 2 9 5 2 7 4 8 4 5 5 7 5 5 7 8 9 8 7 9 
8 9 8 5 7 2 2 0 8 5 9 0 7 0 6 5 3 9 5 7 7 7 3 9 4 1 0 6 4 5 1 9 6 9 7 8 9 8 5 8 4 3 3 6 1 2 4 0 2 6 9 8 1 5 6 6 2 9 3 6 0 0 2 9 5 9 3 7 7 3 7 8 4 7 6 6 6 5 3 6 1 7 5 2 8 0 8 7 7 3 
2 3 8 0 4 3 5 3 7 7 3 3 7 5 6 1 7 8 5 2 8 7 7 7 7 2 4 4 5 8 7 2 8 5 1 6 4 5 6 8 1 8 7 0 2 5 2 8 0 6 2 4 0 0 8 6 0 8 8 1 9 4 8 4 8 3 7 9 1 7 9 3 9 8 3 2 9 8 3 7 6 3 0 4 1 5 7 3 5 9 
2 4 2 3 6 6 3 8 4 9 7 8 7 5 5 2 8 5 9 7 0 1 6 1 4 8 8 8 1 0 8 8 2 0 2 3 4 0 6 1 3 4 9 3 5 9 1 3 2 8 2 1 8 9 6 9 3 5 7 6 4 2 6 2 1 8 5 6 7 4 7 5 0 6 0 5 0 4 5 9 0 5 1 2 6 3 3 7 0 4 
0 0 9 8 1 2 7 0 9 0 3 3 4 2 0 8 9 2 4 3 1 1 5 1 7 5 7 9 3 7 9 6 5 8 2 7 9 1 3 1 6 2 7 7 4 8 1 5 6 8 5 1 6 0 9 1 2 2 8 4 4 1 9 6 9 3 2 2 1 0 9 9 9 3 1 5 1 8 2 8 1 0 8 5 0 3 1 2 6 2 
6 7 4 3 2 2 5 0 0 7 5 1 5 8 3 1 8 9 6 2 6 5 2 7 2 4 8 5 2 9 4 5 2 8 3 0 2 2 2 0 7 6 3 2 6 1 3 7 6 6 0 0 4 8 5 6 6 9 6 7 5 5 0 6 1 0 6 6 3 1 7 2 2 5 7 3 4 4 4 5 0 9 7 8 5 3 9 0 1 4 
2 4 7 5 6 8 7 4 8 8 4 7 1 9 6 5 0 9 3 0 7 9 9 4 7 2 5 8 1 2 3 0 1 5 6 7 8 3 1 8 1 3 4 7 2 5 1 3 6 1 5 1 7 5 5 9 4 6 7 6 7 7 0 5 0 3 6 4 2 6 3 5 2 0 0 3 1 2 3 2 5 4 6 7 9 8 0 5 9 6 
6 1 2 3 2 4 6 8 8 3 0 2 8 7 7 1 5 2 9 5 4 8 1 3 6 9 9 4 3 8 7 3 6 1 5 7 2 2 8 5 4 6 0 4 5 5 5 6 7 9 9 4 5 7 4 1 1 5 1 8 7 1 5 6 9 7 3 4 8 4 8 3 6 5 1 4 1 3 4 0 8 6 1 3 4 3 5 4 9 1 
8 1 4 8 9 7 0 2 4 2 6 0 4 7 7 9 6 6 9 2 5 0 2 8 2 6 8 4 4 0 0 0 2 0 3 5 1 8 0 4 7 5 7 2 2 6 6 2 5 5 6 9 6 4 7 4 9 4 0 2 4 8 7 2 4 2 8 1 4 6 6 9 0 5 3 5 8 0 5 1 2 3 1 8 2 0 7 5 5 1 
0 1 2 7 6 1 5 1 3 6 4 7 9 2 7 7 1 7 2 5 6 9 6 2 3 7 6 3 1 3 1 5 1 0 0 6 4 1 8 2 3 3 7 8 3 8 4 9 9 3 7 9 7 4 5 1 9 1 2 9 2 2 5 7 3 8 0 6 0 6 0 7 5 1 9 7 2 3 5 3 0 3 1 1 3 9 9 4 9 6 
0 4 7 9 9 5 4 4 2 9 6 1 8 4 6 0 6 9 4 8 1 7 6 5 8 7 4 5 6 2 3 1 1 7 0 2 2 2 2 2 4 0 9 3 7 2 2 4 5 2 8 0 7 3 3 3 6 8 2 8 3 2 8 3 9 1 3 2 7 1 3 0 1 1 4 5 4 5 0 7 7 1 4 2 3 7 1 9 2 9 
4 5 7 2 4 9 3 3 8 3 0 1 4 5 6 4 3 1 4 0 5 9 6 8 9 0 8 0 7 0 4 5 7 2 2 2 5 8 6 9 1 7 3 3 7 5 1 3 9 3 9 3 9 8 1 6 9 4 3 5 5 6 3 5 8 0 6 4 6 5 4 4 5 9 9 3 9 1 3 1 9 1 7 4 2 5 1 5 9 9 
3 3 4 8 5 4 4 3 3 7 9 7 4 3 0 5 7 9 9 5 2 2 5 9 6 9 2 3 0 2 1 6 0 5 9 5 2 9 8 9 8 4 6 8 6 1 2 9 6 5 7 9 1 9 8 8 9 8 0 8 1 5 8 0 0 5 8 8 3 5 8 1 6 0 0 6 0 7 7 7 6 7 9 0 5 8 9 5 3 5 
6 6 4 6 6 5 8 2 0 4 1 2 5 0 7 5 9 3 0 1 8 0 0 8 7 9 8 3 6 4 2 1 3 1 8 1 0 5 8 5 9 8 2 2 8 6 0 4 3 9 9 0 4 3 2 9 9 0 0 4 1 1 9 7 2 6 8 4 4 8 2 0 7 4 6 0 0 1 8 6 8 5 1 5 1 7 1 4 2 1 
3 8 3 7 1 6 7 1 3 1 0 7 9 4 5 2 9 4 3 7 6 9 9 6 9 8 7 5 0 3 9 6 8 2 3 0 7 4 0 0 2 1 7 1 0 6 1 7 4 5 2 0 6 7 0 1 9 4 3 5 1 2 8 6 2 4 8 8 4 6 7 0 3 5 4 1 6 1 8 0 1 1 3 8 6 5 7 2 7 1 
9 9 2 1 2 5 7 8 7 2 7 9 8 8 2 8 6 8 4 4 4 3 8 6 3 1 9 7 6 4 9 3 4 8 4 7 4 3 9 9 9 6 4 9 3 3 9 4 1 5 7 7 9 5 5 2 5 6 5 6 0 5 0 7 3 1 1 5 5 1 7 6 4 8 9 0 5 3 8 9 5 8 2 8 6 0 5 9 1 1 
1 4 0 4 8 5 9 3 9 4 3 0 1 9 7 8 3 7 0 7 1 5 8 5 3 4 3 6 4 2 8 3 2 9 7 4 2 1 1 0 7 3 1 0 8 0 6 0 6 5 9 6 3 5 8 1 4 0 7 4 6 3 9 7 8 3 3 2 1 3 7 6 1 8 9 7 8 4 9 5 3 8 2 7 9 2 9 9 8 5 
9 7 5 7 3 5 5 0 5 1 2 3 7 7 2 6 5 3 8 1 5 2 2 0 2 4 2 7 5 8 9 3 0 8 7 2 6 5 7 7 1 5 4 4 0 0 9 5 1 8 5 5 6 3 9 6 7 4 7 4 3 1 0 4 5 4 6 6 3 0 2 5 2 4 3 3 7 1 4 3 9 1 0 1 7 7 0 3 9 7 
2 0 6 8 0 3 0 8 2 5 3 4 0 9 9 3 0 2 1 0 2 5 7 5 5 4 5 6 8 8 5 2 1 3 7 5 8 3 6 9 1 4 4 6 9 4 0 1 3 5 1 1 3 6 9 6 3 1 2 4 5 7 0 8 8 8 6 0 0 2 6 0 1 0 0 8 8 3 7 5 7 6 7 4 7 7 9 6 3 8 
5 2 4 5 1 1 6 4 6 3 1 8 0 5 4 2 1 9 3 1 8 6 1 0 5 4 5 1 2 4 3 1 2 0 7 4 5 2 7 0 9 1 1 4 3 5 8 4 0 0 0 5 7 6 5 8 4 3 9 3 0 1 6 3 2 7 9 9 6 2 5 8 5 8 2 8 2 5 9 0 3 7 3 1 7 3 8 5 6 9 
7 5 2 3 0 7 4 9 3 1 8 4 7 4 5 3 5 6 0 3 4 7 6 8 1 4 5 2 2 9 3 4 5 2 2 0 7 9 8 8 0 3 5 1 3 7 8 2 6 1 2 8 2 7 8 5 0 5 6 5 0 0 8 4 9 4 0 2 4 8 7 1 3 7 7 3 9 9 0 2 5 2 4 2 6 3 5 7 6 2 
1 3 3 0 2 4 2 4 2 8 7 7 9 6 3 2 6 6 4 6 2 3 0 4 5 5 6 1 1 6 6 0 9 5 7 0 3 7 5 9 8 7 9 4 8 6 9 8 9 4 6 0 1 6 1 9 2 5 9 6 2 3 3 2 8 3 2 7 2 2 8 4 0 7 3 8 8 9 4 0 1 8 8 0 0 6 5 4 7 9 
6 8 9 1 2 0 7 0 8 8 5 9 2 0 6 1 8 0 0 5 4 7 7 9 0 4 8 8 9 1 1 0 6 9 3 1 3 3 8 8 4 6 7 5 6 6 3 8 1 9 7 6 1 5 2 4 7 3 8 7 6 5 1 4 7 9 7 9 7 5 9 0 2 7 3 9 9 4 2 5 5 7 3 5 3 5 2 1 3 6 
4 8 4 5 2 8 0 4 4 9 2 1 3 2 2 3 8 1 6 8 1 0 6 8 5 9 3 5 5 5 8 8 1 0 1 8 9 6 4 8 5 9 1 9 4 6 4 2 7 7 4 4 5 4 1 8 4 9 4 4 6 4 7 8 2 6 2 6 6 0 7 6 0 1 6 6 7 5 0 3 2 2 5 7 1 0 8 6 5 4 
4 8 2 8 9 6 4 2 9 2 7 5 1 7 0 2 3 8 4 9 2 2 8 7 4 2 4 1 1 6 2 6 8 3 5 3 4 8 9 4 7 0 6 0 2 2 4 3 7 0 5 3 0 4 9 7 9 9 1 5 8 2 8 9 4 1 4 1 6 6 6 3 3 3 3 1 0 6 1 5 7 9 0 8 8 5 9 2 2 0 
8 1 0 8 7 1 1 9 0 4 1 6 0 5 8 2 2 8 7 5 3 2 8 9 9 0 5 6 8 9 1 6 2 9 4 8 5 5 4 5 0 1 7 2 2 6 8 3 1 3 0 7 4 1 1 6 5 1 6 0 0 9 0 2 7 1 9 3 4 3 3 2 9 3 9 1 1 9 4 5 1 1 0 5 1 2 0 6 0 0 
4 1 3 9 8 3 6 9 3 2 4 2 1 7 0 5 0 4 0 4 1 7 7 3 4 9 3 4 0 0 0 0 5 5 0 6 3 1 6 3 2 9 5 4 8 1 5 2 7 7 1 3 3 7 0 9 6 2 8 9 4 9 5 9 3 4 6 3 3 8 4 9 1 1 0 0 5 6 6 8 6 8 4 2 3 5 3 7 0 7 
3 6 4 4 2 3 8 3 6 4 1 8 8 2 8 0 1 4 1 7 4 3 6 9 7 4 7 6 2 5 1 8 3 2 3 1 5 2 6 6 7 5 6 1 1 5 1 7 7 3 2 2 4 0 8 7 0 4 3 0 2 8 8 3 0 8 5 3 7 3 4 5 2 4 8 3 0 8 4 7 4 0 0 3 2 8 9 1 8 1 
3 0 0 6 4 0 3 0 9 6 9 9 2 2 0 8 1 1 8 8 3 3 3 5 8 9 7 0 2 2 9 0 0 2 9 4 4 2 4 4 0 4 3 1 0 3 5 1 7 7 9 2 3 2 5 4 4 8 8 8 4 1 6 8 8 3 0 2 5 5 8 1 3 2 0 3 3 9 6 5 6 6 8 2 0 6 0 2 0 8 
7 0 5 3 0 0 1 2 0 6 5 2 4 2 1 8 3 6 9 2 1 7 3 5 8 5 7 3 4 0 0 0 9 4 7 2 3 4 4 2 4 2 7 7 6 2 1 4 1 5 7 0 2 9 7 2 0 4 3 4 4 9 2 9 5 4 7 7 2 7 9 2 6 9 3 2 2 8 0 0 4 1 3 2 6 1 1 7 4 1 
3 0 9 0 8 0 9 8 4 3 2 8 0 2 5 6 1 5 5 4 0 9 8 5 0 6 5 7 4 1 5 0 6 8 5 8 9 8 7 4 3 1 9 5 9 6 6 2 6 5 7 0 3 8 3 1 5 9 0 9 4 8 4 5 5 4 6 3 7 3 6 2 8 7 8 1 5 3 2 5 0 2 8 9 9 1 0 8 6 8 
5 7 1 5 2 3 3 3 3 2 9 0 0 0 6 3 3 5 7 2 2 5 2 1 3 1 0 7 2 9 0 3 7 2 2 7 1 3 2 3 2 1 0 3 9 5 9 7 0 3 7 0 6 6 3 5 6 8 8 0 8 9 8 6 2 5 4 0 4 1 6 4 6 2 1 4 2 9 4 4 8 9 9 5 8 4 7 0 6 2 
6 8 3 4 6 5 1 9 5 8 5 1 6 9 7 1 9 7 1 3 1 4 6 7 2 9 5 3 6 5 6 1 9 1 1 2 4 1 2 3 8 6 7 6 5 0 9 9 2 3 4 2 4 2 4 7 2 8 6 6 6 4 1 8 4 3 9 1 9 4 4 8 7 0 0 8 5 6 7 6 8 6 5 3 6 0 9 0 4 4 
9 7 5 7 0 0 4 8 6 7 9 4 8 9 7 3 7 5 6 1 5 7 0 1 7 1 2 1 2 6 7 8 3 2 5 8 9 4 4 7 0 3 8 4 7 2 2 3 8 7 3 8 4 3 4 2 1 0 4 1 6 9 1 6 0 5 0 7 0 3 1 2 5 5 8 4 6 6 8 7 8 6 8 5 6 7 9 3 6 7 
9 2 7 5 4 8 8 5 1 0 2 7 1 8 3 5 9 3 7 3 4 6 9 2 3 9 3 0 1 7 8 0 1 7 4 3 6 5 2 7 3 6 5 6 9 2 9 8 0 4 0 6 9 4 1 1 0 4 8 4 7 7 1 2 5 9 3 4 0 8 3 0 0 4 6 9 7 3 6 4 3 9 4 3 5 9 4 5 6 6 
1 0 5 2 3 8 4 6 3 6 3 9 0 4 9 3 9 0 2 1 2 4 8 7 4 4 4 6 4 2 5 4 2 4 0 3 8 2 4 2 7 7 5 9 9 5 2 3 8 2 6 5 7 3 1 0 5 4 6 2 9 3 0 7 8 1 7 1 6 6 3 9 9 1 9 6 4 2 0 7 3 6 8 6 6 5 4 0 8 4 
8 0 9 0 5 1 7 2 8 4 6 4 7 7 9 7 1 3 3 4 3 9 6 8 2 9 7 0 3 1 0 3 9 8 2 1 2 7 5 5 3 8 2 6 8 0 8 4 2 0 1 9 7 5 7 0 8 2 0 8 7 9 5 7 2 2 2 6 2 1 5 9 5 5 1 3 7 8 3 1 4 9 7 9 1 1 7 1 6 9 
3 8 9 4 4 0 1 9 6 1 2 6 5 5 7 0 0 4 0 6 5 5 7 8 8 4 2 5 0 0 8 9 2 2 3 8 7 9 3 1 8 5 9 2 2 9 5 0 4 1 4 1 8 8 0 8 0 3 5 0 9 9 0 6 4 7 2 2 2 5 6 3 8 6 5 2 0 4 2 9 0 5 0 4 2 8 4 6 4 5 
3 6 0 8 3 0 0 6 7 5 2 1 1 9 2 6 6 5 7 1 7 4 1 9 2 1 4 1 1 4 8 6 8 1 7 8 6 3 6 9 3 5 2 5 0 1 5 3 1 2 0 6 4 7 5 1 6 9 4 8 8 4 9 0 5 2 5 6 9 2 2 5 1 1 1 3 1 7 7 2 4 3 4 2 5 9 2 9 1 3 
4 6 4 7 4 7 5 1 1 4 9 7 0 7 2 8 8 1 1 9 1 9 0 7 5 0 7 0 9 3 1 8 8 4 2 2 3 2 3 7 3 6 9 2 5 2 9 6 5 4 0 1 9 9 6 2 5 6 7 9 7 9 6 9 9 1 1 5 8 4 2 8 8 8 6 8 0 2 6 8 8 7 6 1 8 3 7 1 9 3 
8 8 0 6 4 4 0 4 7 2 5 9 8 1 4 2 8 3 6 9 0 7 8 6 2 6 4 2 9 2 2 0 9 4 7 8 0 7 9 7 3 1 0 4 1 7 4 7 3 9 7 9 5 8 1 6 1 6 2 5 0 0 4 8 1 1 9 7 6 1 3 6 6 7 6 8 0 0 0 4 3 3 6 1 8 4 3 9 8 1 
1 2 2 6 5 5 9 5 0 2 0 3 0 4 9 4 9 4 0 5 6 8 8 3 9 9 3 4 7 5 0 0 9 2 0 9 9 4 3 7 2 8 5 4 5 0 2 6 1 4 9 8 6 7 1 8 7 4 2 4 1 3 1 8 2 3 8 2 7 6 8 5 3 8 9 3 3 5 9 8 6 5 7 1 8 7 5 5 4 4 
2 6 7 2 5 2 7 0 6 3 4 6 8 0 8 8 6 9 7 5 6 0 7 0 5 4 6 0 3 9 0 7 4 2 9 0 7 1 2 1 7 0 8 2 5 8 2 4 3 4 4 2 4 7 7 7 6 4 2 9 1 5 2 6 7 9 5 6 8 0 4 4 1 5 8 3 3 6 1 4 4 2 0 3 4 9 6 0 5 3 
4 4 8 7 4 9 0 9 4 4 9 0 9 4 0 0 7 5 5 8 6 9 3 0 6 9 8 2 4 5 8 9 0 3 9 9 1 6 1 6 3 2 9 4 5 8 5 0 6 2 7 4 2 5 1 3 0 9 4 5 2 6 4 4 4 7 0 1 4 0 1 1 0 2 5 9 4 9 6 9 3 3 1 2 1 1 7 7 5 6 
1 2 5 5 8 3 5 8 2 4 4 0 1 1 0 1 6 7 5 4 1 8 5 5 9 4 6 5 4 6 7 8 0 5 2 3 9 1 1 5 7 6 5 1 2 6 4 6 2 4 3 1 4 0 3 7 8 4 0 7 4 4 2 4 4 2 3 4 2 6 3 9 1 9 2 8 4 4 5 3 4 0 3 8 3 4 1 2 9 8 
0 0 1 3 8 9 7 3 6 0 9 9 0 5 5 6 2 3 3 1 6 7 0 7 7 0 6 9 3 0 2 5 5 8 7 2 2 0 4 3 7 2 3 2 9 6 3 9 1 6 9 4 2 6 5 1 5 8 6 6 6 0 7 9 0 9 8 4 1 0 4 0 7 9 2 4 1 2 7 0 2 9 6 3 8 5 9 3 8 7 
1 3 7 4 2 3 6 6 8 9 7 2 4 7 9 6 7 6 0 2 7 8 3 8 6 2 6 1 2 6 5 4 6 9 5 2 2 7 5 8 7 6 9 7 8 4 1 9 3 8 4 2 3 3 9 3 6 3 1 8 7 7 5 8 1 6 2 4 2 8 1 1 5 7 6 9 3 5 9 7 5 6 8 6 9 5 8 5 4 3 
2 9 5 6 0 7 0 8 7 0 1 4 7 6 5 5 6 5 1 8 6 3 3 7 6 2 9 9 7 0 7 2 2 5 3 9 3 1 3 0 0 2 0 7 9 3 5 2 8 3 5 5 6 7 7 4 9 7 9 8 6 0 0 3 4 3 3 1 5 4 6 2 6 9 8 8 2 9 3 4 4 2 8 1 4 0 3 1 4 9 
0 0 8 6 6 2 0 0 9 6 9 9 1 6 0 1 2 5 5 3 4 4 3 9 9 1 6 3 2 7 4 5 4 9 5 1 4 8 3 4 6 1 9 3 3 4 3 7 4 7 3 1 7 8 0 3 2 9 0 3 7 6 3 0 2 7 0 6 1 0 9 9 1 8 7 8 3 7 0 5 7 9 4 8 1 0 6 9 5 1 
0 9 8 1 5 2 1 3 0 7 3 8 2 9 6 1 3 2 0 3 3 1 2 6 1 8 4 6 6 7 7 1 3 6 2 1 1 3 2 8 4 0 6 0 3 9 9 2 6 8 4 5 6 0 1 4 8 7 2 1 6 5 1 2 2 0 1 3 8 0 6 8 0 3 6 7 5 2 3 0 6 5 7 9 6 7 5 8 5 7 
7 6 0 3 4 3 5 0 1 2 2 9 0 4 1 9 9 5 6 6 3 3 2 4 4 0 9 5 8 4 6 2 2 6 7 3 6 2 2 5 4 7 6 4 6 1 6 0 3 3 6 3 5 5 4 7 8 5 1 5 2 5 2 3 6 7 4 9 0 0 6 7 5 5 6 7 1 2 9 0 3 0 2 0 5 2 1 0 6 3 
0 6 6 6 8 4 7 3 8 7 7 9 1 7 9 3 7 2 2 1 6 5 4 7 6 9 5 6 3 6 8 6 3 8 9 9 9 1 5 9 6 8 2 9 0 9 1 5 6 3 7 2 6 2 7 6 5 6 0 2 7 2 3 6 7 6 3 3 6 5 2 8 7 4 4 2 3 3 8 7 0 2 6 6 3 8 3 4 3 1 
8 2 4 0 8 0 3 3 0 4 3 3 2 0 8 6 8 0 7 8 9 5 5 6 2 2 4 2 7 4 7 3 5 1 7 0 1 4 8 5 0 7 7 5 6 3 3 2 5 3 6 2 2 0 9 4 5 8 4 1 8 6 4 4 3 3 4 1 5 1 8 8 9 1 3 8 9 4 5 4 7 2 8 2 8 0 2 2 6 9 
0 4 2 5 1 7 3 4 4 7 1 1 8 8 9 8 7 2 6 8 1 8 7 7 1 6 5 1 2 0 8 4 6 6 8 1 4 7 5 4 2 3 1 0 3 9 6 1 5 8 6 5 3 3 9 7 4 0 7 2 6 6 7 8 2 8 7 1 9 1 6 2 3 9 6 2 2 8 3 6 4 3 1 4 3 2 8 2 9 3 
4 1 9 1 1 7 6 1 9 0 5 5 9 7 1 6 9 7 3 2 9 2 3 5 0 8 2 0 6 9 0 7 7 1 4 6 4 1 1 4 6 8 9 1 9 4 0 3 8 1 8 7 8 5 9 3 4 5 3 0 0 5 1 1 3 4 6 1 4 5 5 0 4 5 5 1 5 0 6 7 0 8 7 2 5 6 8 4 7 3 
0 2 2 3 5 4 8 3 3 9 5 5 8 0 1 0 7 0 4 4 8 9 3 4 0 9 6 1 5 0 7 2 5 8 8 6 4 9 0 6 1 8 3 2 7 9 7 0 7 7 4 8 8 8 2 4 3 3 8 7 2 9 0 4 2 7 4 9 4 6 6 2 6 8 5 1 4 1 4 4 9 6 8 0 8 0 0 6 1 7 
4 8 3 7 6 7 6 1 4 0 0 8 5 3 2 5 2 9 4 7 1 8 2 5 2 2 7 7 8 1 3 0 3 3 9 0 6 3 9 7 7 8 3 0 9 3 2 8 7 7 3 3 9 9 9 3 0 3 8 8 9 1 9 0 5 8 8 8 0 7 8 7 4 8 8 1 2 0 7 1 8 3 3 6 5 6 9 5 6 6 
2 2 5 7 6 9 1 3 8 1 8 8 1 0 1 4 8 1 2 9 0 4 3 8 2 6 7 9 1 9 8 9 3 3 0 7 2 4 5 0 3 9 4 2 0 2 8 9 4 2 8 7 4 0 5 9 9 1 1 4 0 4 0 1 0 0 4 5 1 2 9 5 7 6 5 2 7 5 3 4 3 8 4 9 1 3 8 1 0 5 
8 4 7 6 9 0 7 1 4 8 6 8 3 3 0 2 0 7 9 5 5 0 8 6 5 1 0 2 2 0 9 3 2 1 7 1 6 8 6 8 3 8 1 9 0 8 4 3 5 0 5 0 7 7 9 7 6 9 2 3 0 4 5 4 3 8 0 1 1 2 5 4 9 3 4 6 0 2 1 0 5 5 9 4 7 2 8 8 3 3 
8 5 3 8 8 1 8 2 4 9 4 8 1 7 0 4 2 1 9 2 9 2 1 5 2 1 0 6 9 9 5 3 3 5 6 0 2 5 9 0 0 5 4 4 4 8 7 1 9 5 7 3 3 4 1 8 8 4 6 2 2 4 5 3 5 2 9 3 8 8 3 5 4 8 9 5 3 4 6 5 1 3 5 4 5 7 3 2 3 1 
3 8 6 8 4 6 4 7 0 7 8 6 0 9 1 9 7 6 4 9 9 6 7 4 7 4 9 6 2 6 8 2 7 2 5 0 9 1 1 7 1 5 7 4 2 6 1 0 1 0 8 5 0 8 4 2 4 1 1 4 8 6 3 8 0 4 4 9 8 7 7 0 9 6 9 6 3 9 0 6 9 3 2 9 4 2 8 5 8 1 
4 7 3 9 5 0 7 9 8 9 6 5 1 5 6 9 6 9 6 7 5 9 3 4 0 5 1 5 5 4 7 3 3 8 4 2 7 3 3 3 5 1 4 9 7 4 0 2 3 2 0 8 9 9 3 7 6 5 9 4 1 4 8 4 1 1 4 0 7 7 7 9 6 6 2 3 8 6 9 0 0 4 4 1 0 5 4 1 5 8 
9 3 2 8 2 5 3 1 8 3 3 7 9 2 9 3 3 0 0 0 2 8 7 6 6 7 4 0 5 9 6 7 3 0 9 9 7 0 1 3 0 0 7 2 8 8 9 9 4 0 9 8 9 5 7 2 1 8 0 0 7 6 8 2 4 0 4 3 1 0 9 1 0 8 3 2 2 0 5 5 7 6 7 8 2 0 4 3 2 8 
5 9 8 8 5 6 0 7 7 0 7 4 2 1 2 5 9 5 7 6 8 7 8 9 5 7 2 7 1 5 9 3 9 9 3 1 9 3 8 4 4 7 3 4 6 9 2 5 2 9 3 0 4 1 0 7 7 4 0 8 2 3 4 7 6 6 9 3 4 7 1 4 0 2 0 8 2 8 1 6 2 8 1 7 5 5 1 9 9 4 
6 4 8 8 0 9 9 5 1 1 9 7 5 3 1 8 4 2 8 3 9 2 2 1 2 3 1 5 0 5 0 2 7 8 9 6 8 9 7 7 8 7 4 8 5 7 7 4 8 3 9 5 0 2 0 1 2 7 2 2 2 8 1 8 1 8 5 2 2 5 7 2 6 0 0 0 4 5 7 8 9 1 2 2 1 9 7 0 3 7 
6 7 0 0 9 8 5 7 6 5 2 7 0 6 3 1 5 3 5 5 2 7 4 8 7 9 2 0 9 9 5 5 3 1 4 7 2 7 2 1 2 2 9 0 4 4 2 2 2 8 2 6 3 6 2 8 0 3 6 4 7 3 2 9 1 4 4 1 5 4 7 3 6 1 4 6 5 5 8 5 6 5 1 0 8 3 1 5 5 2 
3 3 1 2 5 0 9 5 6 9 2 2 2 4 8 9 9 7 2 9 7 4 7 2 6 0 6 7 4 0 1 1 5 1 7 1 5 6 6 2 3 6 8 2 6 2 3 0 1 0 9 7 7 2 5 8 8 1 9 4 8 7 1 2 3 2 3 0 7 8 9 6 5 7 4 4 1 4 2 6 0 2 0 8 8 5 4 5 2 8 
7 1 7 2 5 9 9 2 5 1 0 0 3 8 2 4 0 2 4 1 5 6 2 6 3 2 0 0 3 1 5 7 4 7 7 7 9 9 5 3 8 2 0 4 1 1 6 9 2 0 7 4 4 1 2 0 0 1 6 8 4 9 9 0 4 5 1 1 6 6 7 3 0 4 1 7 3 5 6 8 1 6 5 9 2 4 6 3 3 7 
9 9 4 7 5 5 1 8 2 3 7 7 7 3 0 7 9 4 5 6 8 9 4 1 9 4 3 3 5 3 1 7 8 7 6 6 7 8 6 2 3 7 1 9 1 4 4 7 6 8 0 1 3 2 1 9 1 3 1 2 9 9 0 9 5 1 6 4 1 1 3 9 2 0 1 8 0 7 7 9 9 9 4 7 2 0 5 2 7 3 
8 2 2 3 1 4 6 8 9 8 5 6 1 0 5 1 8 7 8 2 7 2 1 4 5 3 4 3 3 7 1 4 6 0 4 6 2 6 8 6 4 8 4 7 9 7 6 1 7 9 8 6 4 8 5 8 9 0 0 2 5 2 7 7 1 0 5 3 0 6 9 7 5 3 0 9 8 0 9 3 6 1 0 5 6 0 0 5 9 3 
3 6 8 0 6 9 6 8 6 3 8 0 3 9 4 6 9 4 3 6 9 5 7 6 0 6 5 2 5 7 5 1 9 3 1 3 6 0 6 9 0 8 6 8 3 3 0 7 4 4 6 8 1 0 8 4 8 7 6 8 5 2 0 7 5 1 2 8 9 2 9 9 3 4 7 1 8 0 8 4 1 7 7 8 5 7 0 4 6 5 
3 8 4 2 7 1 3 6 8 9 8 0 6 5 6 0 2 6 8 3 7 8 5 5 2 8 7 2 6 0 2 9 0 3 7 7 3 1 1 3 5 5 4 7 8 7 1 5 3 3 9 8 9 4 8 7 2 7 3 1 6 2 7 1 2 5 9 7 5 2 2 0 5 7 5 2 9 1 6 2 0 4 3 0 5 7 8 7 8 4 
5 9 3 4 6 2 6 9 1 2 8 6 9 1 0 6 4 1 0 0 5 5 4 4 8 1 0 3 5 2 4 2 7 9 4 8 6 4 2 7 8 8 1 3 0 4 5 6 6 6 7 2 9 0 0 5 8 2 0 8 2 9 4 5 3 3 5 9 8 2 9 9 4 1 8 0 7 1 9 2 8 8 4 3 9 1 5 9 6 9 
5 7 1 4 7 4 5 4 2 4 6 3 1 5 9 4 7 9 3 1 3 1 0 1 6 9 6 8 8 7 3 6 4 0 2 3 1 7 1 7 8 3 2 4 8 2 3 5 5 2 1 6 1 5 3 3 2 0 8 6 8 1 8 6 4 4 3 9 5 0 0 4 9 8 3 8 7 7 0 3 3 1 2 2 6 0 7 2 5 9 
7 2 1 1 5 8 6 7 2 9 6 9 9 4 2 5 5 7 0 2 5 6 5 3 6 8 7 0 2 2 0 8 8 5 6 8 3 7 1 7 8 6 8 3 1 6 9 0 2 0 7 4 7 2 7 1 0 2 6 0 4 2 5 3 1 7 4 3 8 5 6 4 7 6 5 4 6 3 0 0 3 5 4 2 6 1 7 2 5 0 
8 9 1 6 4 9 9 8 5 9 1 6 9 2 9 4 7 2 2 5 0 6 1 8 6 0 9 7 4 4 4 3 5 5 8 8 8 1 1 8 8 7 6 9 6 6 5 6 6 2 5 7 7 4 2 9 2 2 5 1 1 4 0 0 5 5 7 5 6 6 4 1 4 7 0 2 7 0 2 7 7 1 0 0 7 4 3 0 4 0 
5 9 4 3 2 7 7 5 6 5 5 7 0 2 4 2 0 5 3 4 2 7 3 9 2 4 9 3 0 7 2 7 4 8 4 4 9 9 8 5 7 3 5 1 3 4 1 0 8 4 7 4 3 3 5 5 3 5 8 0 7 1 1 7 5 6 1 1 7 8 8 0 7 3 4 9 1 3 4 3 3 2 4 2 2 5 0 3 4 3 
3 5 7 8 0 3 5 1 4 2 6 7 6 7 0 3 9 7 8 1 0 5 5 6 0 7 9 9 7 9 1 0 3 8 6 2 8 5 6 3 3 9 7 1 5 4 7 8 6 7 7 1 1 9 1 6 5 8 6 0 4 1 1 6 7 1 5 2 3 4 5 9 0 6 1 1 3 9 3 5 9 7 4 2 2 4 0 0 6 1 
5 7 7 7 3 3 4 0 3 7 2 2 8 6 3 5 0 1 0 1 6 0 8 0 8 6 9 4 5 5 8 9 7 9 3 4 7 1 9 9 9 9 0 2 4 8 2 4 2 0 7 7 2 4 0 1 4 1 6 3 5 6 1 9 9 2 5 3 0 2 4 3 8 4 2 9 2 6 0 0 7 9 4 3 4 8 4 7 2 0 
2 3 9 0 9 2 6 4 7 7 6 0 1 5 1 9 9 0 7 8 6 8 5 4 1 6 1 9 6 9 2 6 4 0 2 0 5 2 0 7 4 0 2 1 7 9 0 3 5 7 5 7 6 5 1 2 6 4 5 1 9 3 9 5 3 5 3 3 7 0 1 6 6 2 0 7 7 3 1 4 5 5 5 2 9 0 5 4 3 8 
0 6 0 7 2 7 2 0 6 9 4 0 2 5 0 0 1 2 8 4 3 2 9 5 6 2 9 4 6 7 8 4 6 5 8 1 3 2 9 9 4 0 4 9 8 4 7 0 6 3 6 9 2 4 0 9 8 2 5 7 9 4 1 3 3 7 4 2 9 0 4 8 8 7 4 3 0 3 6 5 4 0 0 7 2 3 8 1 4 3 

Resultado 2
1405 1590 1541 1616 1632 1612 1663 1591 1781 1614 1700 1802 1417 1795 1532 1494 1911 1501 1618 1531 1598 1977 1559 1845 1668 1781 1702 1327 1485 1642 1581 1612 1639 1532 1663 1456 1784 1594 1462 1856 1554 1730 1779 1341 1745 1746 1497 1656 1604 1499 1970 1564 1869 1729 1490 1734 1585 1794 1598 1461 1698 1611 1467 1747 1471 1508 1612 1454 1817 1421 2022 1536 1586 1863 1543 1636 1503 1519 1588 1515 1523 1833 1549 1427 1689 1628 1745 1554 1885 1758 
1580 1962 1663 1911 1661 1511 1833 1680 2086 1900 1799 2041 1863 1837 1792 1572 2106 1832 1815 1708 1587 2048 1921 2041 1833 1897 2019 1740 1591 1863 1895 1741 1699 1961 1883 1642 1997 1659 1847 1987 1716 1757 1940 1628 1792 1917 1572 1782 1669 1833 1931 1564 1908 1973 1835 1825 1807 1984 1702 1876 1641 1597 1625 2098 1610 1739 1806 1739 1885 1464 2182 1786 1644 2041 1741 1794 1506 1886 1646 1751 1700 1796 1544 1582 1969 1644 1954 1697 2011 1696 
1827 2052 1845 2081 1972 1950 1908 1905 2218 1998 2088 2008 1839 2075 1882 1785 2275 1830 1867 1743 1841 2247 2056 2199 2034 2184 2131 1732 1719 1930 2022 1923 1986 1909 1965 1814 2065 1971 1788 2345 1867 2001 1983 1816 2058 2033 1920 1844 1881 1846 2245 1915 2140 2072 1917 2032 2166 2035 1726 2084 1978 1937 1746 2281 1639 1737 1927 1796 2042 1535 2329 1991 1931 2084 1682 2146 1818 1856 1777 1768 1931 2075 1921 1866 2172 1651 2140 1906 2199 2076 
1603 1854 1876 1801 1685 1561 1768 1833 1835 1774 1863 1927 1578 1901 1677 1673 2022 1646 1712 1582 1612 2023 1855 1919 1908 1966 2049 1680 1641 1860 1883 1513 1797 1849 1723 1595 1899 1747 1800 2111 1545 2003 2002 1649 2004 1828 1571 1736 1757 1830 1957 1493 1754 1929 1651 1853 1818 1907 1903 1835 1848 1827 1487 2132 1817 1690 1644 1679 1770 1485 2269 1784 1769 1944 1673 1915 1701 1933 1665 1694 1936 1940 1784 1581 1807 1670 1751 1619 1993 1918 
1767 1899 1693 1857 1826 1692 1767 1725 2017 1973 1912 2022 1587 1972 1924 1598 2258 1866 1897 1794 1685 1976 1960 2121 1869 1942 2021 1680 1630 1718 1779 1638 1744 1815 1836 1586 1866 1752 1776 2139 1613 1769 2078 1765 2034 1892 1717 1818 1617 1795 2058 1784 1991 2094 1740 1974 2018 1929 1701 1897 1779 1774 1614 2033 1477 1686 1931 1895 1937 1508 2180 1807 1718 2073 1794 1839 1666 1730 1715 1755 1602 1838 1683 1832 2032 1714 1995 1787 2091 1786 
1764 1904 1655 1764 1759 1580 1802 1609 1838 1900 1842 1857 1649 1867 1765 1544 2139 1826 1822 1663 1700 1971 1851 2009 1800 1872 1883 1562 1665 1834 1749 1748 1739 1632 1854 1465 1795 1735 1649 1949 1637 1803 1984 1463 1884 1974 1611 1669 1668 1661 1949 1529 1943 1824 1769 1887 1815 1953 1795 1595 1701 1805 1644 2051 1553 1705 1774 1635 1918 1408 2042 1660 1720 1890 1769 1778 1612 1707 1672 1706 1659 1764 1589 1713 1948 1576 2068 1655 1994 1792 
1633 1799 1558 1951 1939 1616 1852 1612 1818 1770 1831 1798 1536 1751 1496 1671 1848 1637 1792 1743 1729 1925 1846 1879 1800 1835 1838 1609 1496 1613 1806 1555 1590 1659 1765 1605 1798 1692 1673 1981 1564 1845 1743 1519 1651 1838 1635 1477 1773 1677 2130 1651 1903 1644 1657 1922 1936 1802 1652 1642 1589 1763 1658 1992 1464 1635 1625 1574 1786 1443 2076 1837 1644 1721 1599 1752 1494 1608 1713 1695 1741 1795 1549 1625 1838 1560 1685 1733 1828 1766 
1411 1511 1437 1572 1510 1517 1605 1414 1643 1658 1603 1822 1411 1717 1361 1458 1767 1437 1653 1427 1569 1712 1625 1718 1552 1798 1639 1380 1405 1490 1565 1309 1466 1588 1609 1365 1520 1519 1438 1785 1350 1687 1769 1419 1760 1584 1476 1440 1674 1535 1908 1476 1723 1619 1488 1556 1805 1717 1443 1652 1425 1549 1298 1676 1265 1473 1561 1569 1501 1357 1870 1499 1556 1679 1544 1493 1433 1377 1508 1410 1438 1660 1647 1496 1625 1551 1616 1509 1755 1651 
1582 1839 1673 1806 1728 1681 1867 1658 1960 1832 1669 1717 1467 1891 1607 1573 1999 1584 1662 1680 1590 1784 2066 1932 1782 1926 1853 1669 1461 1888 1765 1668 1673 1762 1817 1533 1938 1531 1739 1947 1621 1748 1866 1517 1740 1757 1446 1545 1719 1596 2056 1491 1624 1680 1798 1870 1862 1776 1689 1784 1690 1622 1482 2026 1648 1552 1722 1447 1896 1592 2158 1710 1549 1719 1446 1765 1498 1832 1558 1893 1696 1830 1656 1812 1809 1715 1799 1527 1801 1612 
1944 2166 1770 2066 1844 1905 2003 1924 2132 1906 2070 2267 1862 2096 1760 1754 2204 1861 1831 1784 1842 2178 1976 2309 2037 2134 2227 1713 1699 1891 1963 1895 1913 1911 2029 1860 2037 1826 2030 2189 1908 2197 2092 1931 2094 1997 1789 1941 1964 1893 2178 1820 2125 2125 1944 2099 1971 1946 1909 2067 1815 1877 1809 2220 1682 1964 1939 1955 1945 1718 2367 1859 1968 2153 1889 1982 1667 1963 2025 1937 1813 2227 1912 1780 1994 1869 2261 1805 2141 1877 
1835 2155 1769 2025 1948 1761 2017 1860 1921 1908 1913 1954 1713 1969 1866 1710 2098 1868 1883 1651 1883 2069 2013 2098 1932 2121 1887 1806 1676 1915 1911 1750 1749 1923 1919 1637 2117 1819 1859 2058 1884 1977 1856 1663 1945 1975 1778 1795 1751 1822 2106 1671 1988 1821 1741 2044 1988 1955 1791 1909 1755 1871 1743 2253 1652 1876 1985 1749 1940 1703 2198 1960 1799 1966 1691 1864 1625 1922 1839 1771 1893 2035 1705 1810 2038 1774 2093 1770 2089 1877 
1619 1641 1568 1784 1742 1436 1662 1623 1708 1798 1820 1730 1422 1827 1623 1642 1855 1629 1840 1517 1829 1950 1751 1919 1652 1812 1652 1538 1443 1760 1668 1440 1578 1672 1665 1410 1668 1665 1591 1984 1325 1736 1707 1553 1826 1759 1556 1450 1645 1660 1834 1590 1635 1722 1671 1624 1837 1848 1382 1725 1594 1703 1630 1932 1402 1593 1576 1596 1550 1450 1883 1623 1561 1688 1452 1819 1472 1731 1531 1577 1669 1851 1648 1611 1861 1457 1790 1707 1832 1668 
1687 1895 1653 1935 1839 1733 1698 1739 2010 1860 1830 1781 1586 1997 1710 1531 2070 1740 1783 1717 1766 2014 1802 2087 1943 1994 2004 1591 1766 1799 1799 1701 1745 1700 1886 1741 1790 1754 1848 2106 1587 1866 1824 1535 1891 1830 1583 1685 1697 1774 2101 1744 1829 1961 1685 2033 1932 1914 1722 1885 1843 1744 1710 2051 1632 1664 1810 1748 1946 1417 2195 1754 1614 1905 1679 1928 1609 1842 1841 1724 1816 1875 1611 1629 1800 1610 1905 1870 1980 1916 
1548 1822 1682 1937 1896 1813 1721 1618 1957 1875 1956 1986 1578 1973 1710 1621 1993 1868 1737 1768 1677 2016 1903 2259 1901 1985 2135 1617 1681 1713 1732 1706 1776 1778 1911 1669 1880 1945 1775 2115 1663 1863 2037 1590 1830 1888 1671 1711 1757 1751 2085 1746 1846 1923 1800 2033 1925 1978 1777 1840 1799 1813 1522 2125 1507 1740 1743 1583 1946 1526 2238 1706 1745 2015 1791 1805 1509 1829 1708 1809 1689 1952 1652 1808 1877 1613 2039 1742 1882 1808 
1484 1765 1342 1753 1556 1612 1705 1573 1782 1702 1717 1862 1596 1831 1596 1427 1927 1590 1624 1489 1514 1762 1751 1722 1805 1956 1799 1502 1488 1777 1657 1582 1716 1486 1758 1487 1681 1450 1599 1955 1593 1622 1785 1349 1795 1693 1594 1683 1475 1627 1923 1627 1745 1859 1635 1632 1707 1715 1590 1760 1642 1569 1609 1958 1394 1603 1676 1675 1767 1305 2016 1611 1535 1825 1520 1694 1328 1639 1588 1543 1808 1806 1493 1466 1959 1628 1928 1653 1875 1591 
1910 1981 1694 2140 1890 1707 2069 1859 2104 2109 1990 2110 1798 1833 1724 1806 2227 2015 1886 1981 1813 2147 2113 2049 2013 1940 2200 1752 1713 1840 1900 1666 1916 1834 2143 1881 2091 1794 2005 2172 1795 1913 2171 1813 2034 2050 1877 1841 1785 1759 2347 1923 2130 2101 1873 2143 2057 1922 2007 2059 1751 1939 1839 2030 1694 1879 1927 1954 1991 1739 2429 1941 1898 2202 1947 1844 1703 2035 1794 1948 1839 1921 1794 1884 1957 1852 2014 1865 1931 1928 
1786 1926 1661 2036 1920 1636 1919 1673 2156 1877 1777 1988 1664 1954 1752 1599 1945 1862 1780 1673 1729 2024 1879 1995 2040 1919 1917 1707 1637 1841 1748 1732 1714 1964 1881 1687 1913 1706 1739 1845 1703 1773 1992 1601 1998 1815 1666 1814 1841 1825 2048 1616 2022 1884 1839 1943 2030 1859 1829 1859 1768 1804 1687 2085 1595 1666 1905 1672 1818 1602 2184 1923 1716 1942 1699 1907 1634 1848 1821 1874 1759 1926 1730 1852 2041 1745 1985 1729 1999 1836 
1629 1763 1782 1891 1802 1634 1872 1772 1941 1900 1827 1957 1375 1865 1575 1582 2091 1804 1832 1669 1742 2050 1862 1983 1883 1794 1852 1681 1495 1690 1729 1505 1625 1921 1938 1691 1922 1806 1691 2158 1642 1778 1971 1740 1963 1768 1552 1627 1596 1835 2027 1610 1891 1893 1644 1839 1971 1931 1602 1907 1722 1772 1595 1885 1411 1787 1770 1689 1730 1633 2184 1678 1573 1862 1529 1982 1547 1808 1751 1780 1696 1924 1777 1810 1957 1713 1869 1773 1849 1880 
1770 1715 1571 1916 1817 1548 1884 1456 2015 1921 1753 1949 1599 1980 1792 1730 1951 1774 1892 1708 1711 1870 1888 2032 1792 1902 1850 1587 1685 2007 1902 1544 1639 1760 2064 1528 1655 1661 1849 2048 1672 1717 1901 1447 1816 1849 1812 1673 1632 1860 2074 1774 1878 1930 1908 1941 1894 1955 1718 1818 1684 1724 1817 1984 1695 1745 1756 1642 1713 1316 2125 1844 1702 1995 1697 1916 1534 1692 1789 1731 1757 1924 1641 1615 1869 1660 1928 1792 1969 1692 
1472 1557 1738 1806 1618 1573 1746 1569 1733 1677 1557 1669 1536 1922 1686 1622 1994 1606 1544 1565 1521 1839 1819 1889 1668 1853 1938 1546 1550 1717 1678 1530 1565 1717 1576 1464 1818 1500 1604 1865 1508 1778 1921 1452 1918 1614 1500 1593 1596 1591 1905 1661 1859 1747 1682 1680 1880 1580 1605 1708 1618 1742 1401 1810 1487 1514 1671 1477 1711 1409 2095 1683 1565 1874 1634 1684 1460 1661 1542 1668 1619 1857 1647 1680 1733 1584 1739 1540 1754 1732 
1787 2092 1742 1957 1796 1738 1942 1732 2033 2043 1971 1874 1614 2035 1684 1787 2287 1808 1769 1732 1780 1935 1917 2028 1824 1834 2009 1811 1787 1907 1830 1691 1841 1944 1877 1522 1922 1767 1866 2224 1726 1862 1976 1675 1983 1889 1746 1777 1715 1766 2141 1696 1849 1936 1718 2018 2109 1888 1808 1912 1721 1824 1652 2224 1499 1668 1861 1770 1931 1524 2052 1895 1786 2078 1750 1796 1630 1901 1725 1806 1890 1855 1690 1826 2009 1682 2015 1601 2005 1791 
1740 1951 1714 2000 1969 1643 2059 1781 2102 2035 1892 2154 1483 1951 1949 1746 2293 1896 2000 1853 1818 2253 2149 2276 1914 2092 2177 1775 1780 1941 1960 1793 1811 1946 2221 1712 2042 1981 1938 2242 1684 1964 2142 1730 2083 1970 1784 1658 1755 1886 2243 1866 2056 2157 2048 2088 2196 1997 1825 1925 2016 1878 1685 2166 1704 1828 2031 1808 2078 1810 2393 1772 2058 2173 1841 1993 1722 1912 1897 1811 1932 1906 1777 1792 2284 1780 1934 1864 2138 1992 
1600 1688 1477 1755 1607 1368 1687 1426 1715 1766 1623 1768 1517 1685 1532 1423 1678 1624 1453 1332 1475 1804 1614 1858 1642 1736 1713 1393 1472 1573 1510 1460 1610 1589 1695 1479 1707 1551 1535 2063 1541 1687 1642 1452 1609 1617 1393 1599 1483 1332 1799 1575 1724 1765 1570 1564 1575 1629 1454 1564 1391 1544 1573 1678 1361 1506 1609 1647 1622 1466 1894 1523 1562 1799 1420 1526 1427 1543 1430 1361 1661 1718 1562 1538 1642 1446 1767 1502 1713 1503 
1717 1802 1758 1888 1786 1808 1964 1715 1977 1955 1825 2102 1490 1928 1696 1722 2010 1636 1813 1599 1781 2019 1943 2080 1936 1992 1978 1608 1616 1905 1978 1666 1744 1971 2066 1691 2134 1757 1849 2137 1775 1953 1943 1837 1950 2016 1786 1737 1719 1736 2216 1725 1909 1941 1689 1962 1897 1840 1734 1821 1792 1782 1429 2161 1615 1786 1822 1695 1856 1581 2292 1779 1730 1970 1670 1946 1634 1762 1873 1692 1851 1983 1748 1726 1981 1777 1886 1719 2082 1892 
1380 1544 1253 1568 1504 1450 1445 1402 1753 1484 1479 1601 1130 1614 1362 1329 1749 1555 1519 1414 1396 1657 1669 1766 1704 1525 1692 1351 1425 1558 1397 1508 1470 1553 1527 1321 1509 1550 1532 1737 1413 1477 1571 1260 1687 1433 1366 1441 1302 1533 1589 1504 1584 1755 1396 1635 1647 1568 1524 1555 1599 1382 1464 1723 1374 1412 1594 1460 1460 1227 1834 1480 1522 1695 1386 1678 1299 1627 1476 1466 1506 1630 1329 1405 1598 1335 1650 1546 1590 1534 
1480 1624 1583 1891 1709 1502 1788 1729 1902 1791 1793 1687 1465 1853 1644 1528 1957 1749 1762 1532 1591 1906 1729 1808 1605 1907 1813 1706 1537 1798 1857 1589 1552 1804 1755 1702 1792 1562 1667 1793 1608 1737 1817 1703 1974 1776 1698 1558 1674 1662 1994 1754 1841 1822 1731 1803 1784 1704 1685 1695 1596 1610 1559 1863 1466 1528 1719 1546 1721 1463 2081 1847 1710 1990 1523 1687 1614 1764 1739 1798 1554 1756 1632 1681 1776 1469 1845 1573 1813 1805 
1728 1793 1539 1768 1710 1522 1726 1693 1910 1777 1802 1812 1561 1966 1468 1505 1879 1789 1724 1554 1640 1842 1847 1880 1704 1823 1768 1444 1561 1779 1627 1677 1753 1758 1855 1626 1699 1681 1684 2037 1681 1711 1947 1533 1805 1739 1698 1641 1590 1566 1856 1725 1777 1916 1716 1741 1697 1817 1744 1768 1629 1714 1661 1905 1476 1497 1770 1774 1837 1407 2061 1742 1717 1934 1613 1660 1520 1649 1697 1741 1649 1919 1565 1703 1862 1468 2012 1750 1925 1696 
1484 1689 1456 1751 1491 1535 1477 1545 1732 1801 1654 1703 1524 1723 1494 1374 1854 1579 1499 1501 1408 1870 1640 1812 1695 1692 1932 1413 1377 1603 1721 1538 1533 1515 1799 1579 1785 1559 1594 1938 1439 1588 1868 1521 1587 1730 1580 1508 1523 1526 1752 1601 1699 1565 1655 1874 1546 1498 1583 1512 1660 1667 1379 1699 1308 1510 1585 1588 1617 1317 1903 1646 1425 1674 1418 1692 1420 1693 1590 1572 1581 1482 1436 1573 1642 1520 1785 1465 1775 1673 
1839 1937 1715 1933 1834 1668 1913 1791 1828 1902 1862 2003 1751 1928 1722 1695 2201 1848 1780 1698 1825 2064 1953 2060 1937 1948 2026 1697 1733 1858 1941 1632 1803 1899 1997 1696 1931 1833 1788 2194 1762 1949 2078 1651 1929 1886 1855 1665 1686 1834 2170 1759 2042 1951 1806 1931 1994 1909 1849 1911 1648 1878 1550 2072 1651 1789 1859 1851 1938 1577 2233 1847 1788 2090 1974 1975 1704 1836 1783 1758 1850 1882 1801 1683 2077 1662 1892 1891 2008 1901 
1810 1942 1864 2025 1913 1712 2038 1902 1955 2083 1933 2068 1925 1972 1853 1787 2222 1940 1994 1820 1852 2164 2035 2233 2047 2061 2162 1874 1717 1814 1921 1658 1878 1975 2059 1642 2058 1866 1930 2124 1929 2014 2137 1685 2064 2205 1776 1924 1953 1952 2215 1677 2101 2013 1716 2022 2040 1981 1839 2023 1845 1959 1822 2113 1782 1879 1992 1895 1920 1730 2249 1902 1790 2125 1854 1860 1665 1859 1845 1859 1895 1911 1655 1868 2000 1773 1962 1921 2201 1970 
1732 1873 1681 1972 1890 1800 1931 1715 2021 1800 1801 2034 1490 2065 1753 1702 2277 1838 1847 1734 1768 2103 1908 2130 1968 1993 2077 1733 1758 1857 1880 1573 1794 1774 1868 1541 1861 1801 1714 2101 1731 1861 2017 1531 1927 1815 1631 1859 1656 1845 2026 1638 2071 2080 1832 1893 2046 2035 1836 2018 1844 1720 1794 2064 1679 1774 1899 1795 1895 1632 2267 1784 1772 2135 1766 1958 1624 1730 1780 1662 1845 1919 1738 1772 2045 1690 1882 1805 2025 1844 
1644 1860 1651 1790 1689 1529 1609 1546 1854 1746 1671 1901 1621 1863 1639 1710 2000 1692 1546 1667 1666 1857 2018 2026 1776 1903 1775 1593 1472 1603 1862 1465 1640 1769 1675 1686 1834 1500 1638 2012 1497 1888 1729 1640 1696 1675 1588 1625 1642 1618 1915 1699 1838 1722 1659 1723 1891 1803 1663 1808 1650 1610 1418 1974 1538 1500 1698 1748 1552 1402 2065 1808 1573 1743 1612 1738 1483 1652 1565 1590 1477 1917 1736 1661 1776 1614 1781 1627 1795 1765 
1794 1939 1825 2005 1917 1881 1957 1764 2262 2099 2034 2045 1627 2042 1758 1701 2186 1958 2054 1860 1805 2095 2006 2214 1923 2141 2063 1862 1794 2032 1850 1852 1886 1985 1980 1583 1816 1936 1937 2132 1837 1864 2088 1643 2162 1920 1849 1837 1796 1872 2271 1863 2040 2209 1915 1898 2116 2181 2052 2077 1882 1765 1879 2133 1769 1876 1994 1840 2104 1647 2367 1835 2015 2216 1843 2087 1720 1982 1711 1801 1903 2067 1846 1821 2087 1778 2174 1909 2127 1970 
1902 2176 1824 2141 1928 1869 2063 1948 2147 2086 2054 2227 1785 2093 1949 1836 2279 1978 1872 1903 1850 2245 2154 2483 2010 2079 2288 1923 1903 2031 2018 1760 1974 2052 2057 1780 2057 1781 2192 2282 1979 2183 2096 1889 2196 1976 1827 2001 1938 1977 2289 1951 2130 2208 1997 2147 2165 2120 1867 2101 1916 1922 1822 2327 1808 1892 2110 1960 1970 1667 2448 2005 1966 2166 1982 2029 1740 1906 2063 1941 2126 2206 1871 1861 2206 1826 2187 1944 2202 1903 
1740 1946 1824 2013 1906 1840 1939 1912 1964 1953 1913 1959 1663 2098 1896 1563 1990 1903 1882 1648 1769 2217 2060 2284 2015 1993 2016 1715 1669 1987 1815 1747 1850 2067 1903 1772 2016 1998 1902 2264 1830 1966 2151 1722 2051 1753 1740 1850 1756 1735 2099 1771 1893 1959 1775 2025 1921 2075 1834 1909 1845 2005 1626 2121 1616 1835 1948 1730 1969 1732 2372 1815 1848 2028 1767 1954 3382 1970 1877 1805 1918 2131 1746 1724 2034 1809 2107 1803 2104 1940 
1742 1804 1715 1931 1922 1731 2092 1544 2096 1824 1713 2015 1678 1981 1824 1699 2221 1740 1884 1631 1685 2015 1913 2032 1802 1922 1986 1830 1746 1794 1862 1515 1787 1955 1995 1582 1920 1777 1850 2129 1606 1980 1836 1577 1835 1945 1570 1814 1728 1867 2144 1770 1944 1960 1846 1861 2055 1827 1878 1845 1555 1549 1631 2073 1730 1663 1954 1822 1865 1560 2115 1863 1784 2120 1829 1676 1634 1577 1800 1664 1783 1829 1709 1788 2034 1733 1840 1732 2085 1744 
1602 1970 1622 1912 1636 1703 1804 1649 1888 1787 1823 1838 1739 1814 1764 1637 2086 1819 1703 1745 1679 1994 1792 2017 1765 1941 2185 1615 1661 1842 1715 1749 1711 1770 1917 1561 1848 1715 1610 2029 1711 1863 1974 1535 1848 1876 1564 1570 1794 1683 1912 1743 1907 1891 1813 1894 1873 1815 1752 1795 1625 1722 1609 1951 1597 1768 1734 1633 1900 1457 2107 1728 1759 2021 1756 1816 1610 1798 1745 1677 1675 1764 1602 1622 1815 1559 2033 1574 2023 1695 
1596 1825 1769 1909 1790 1770 1827 1719 1840 1798 1917 1873 1565 2014 1740 1669 2042 1690 1882 1609 1587 2056 1865 2026 1785 2008 2036 1734 1657 1774 1847 1477 1706 1766 1785 1497 1838 1700 1757 2127 1502 1832 2000 1642 1983 1750 1562 1761 1701 1851 2063 1637 1868 1907 1866 1770 1968 1897 1746 1911 1715 1666 1559 2089 1586 1612 1766 1691 1879 1621 2056 1702 1685 2074 1690 1798 1586 1689 1708 1705 1845 1886 1835 1760 2007 1729 1830 1686 2002 1846 
1822 2014 1859 2167 1984 1922 1911 1782 2003 1848 2032 1995 1837 2027 1734 1621 2103 1811 1999 1790 1777 2141 2088 2217 1812 1988 2018 1705 1627 1888 1937 1696 1884 1867 1984 1516 2030 1900 2019 2214 1788 2004 2090 1719 2064 2099 1821 1903 1952 1886 2215 1787 2090 1956 1809 2139 2022 2043 1818 1826 1852 1980 1801 2096 1683 1836 1995 1666 1997 1667 2333 1879 1674 2048 1753 2002 1731 1774 1779 1880 1899 1965 1702 1813 1988 1847 2077 1889 2126 2045 
1790 1910 1720 1887 1721 1560 1822 1762 1953 1881 1846 1713 1682 1891 1767 1649 2138 1748 1868 1769 1675 2027 2020 1982 1921 1954 2047 1701 1597 1773 1892 1706 1688 1708 1854 1658 1895 1681 1725 2051 1568 1760 1895 1691 1950 1811 1646 1581 1703 1656 1956 1725 1886 1850 1867 1796 1866 1925 1822 1771 1882 1805 1661 2020 1717 1630 1657 1676 1828 1492 2196 1773 1629 1929 1537 1895 1670 1942 1592 1688 1794 1835 1686 1725 1940 1557 1862 1664 1931 1855 
1741 1755 1725 1790 1729 1717 2016 1671 1867 1748 1863 1939 1592 1891 1760 1714 2153 1788 1673 1593 1714 2024 1907 2131 1754 1924 1922 1653 1561 1879 1780 1685 1734 1884 1857 1560 1961 1700 1675 2003 1709 1798 1992 1634 1889 1883 1631 1845 1592 1750 2015 1628 1909 1793 1863 1722 1757 1907 1716 1642 1748 1767 1696 2029 1493 1770 1695 1532 1750 1530 2168 1642 1790 1943 1743 1786 1607 1737 1768 1804 1667 1831 1703 1754 1865 1503 1960 1623 2026 1662 
1710 1958 1694 1764 1914 1762 2102 1700 2041 1879 1903 1914 1582 1856 1800 1760 2128 1635 1742 1690 1829 2042 1925 2020 1884 1808 1863 1673 1593 1768 1831 1748 1972 1904 1828 1488 1950 1853 1818 2189 1729 1966 1881 1553 1930 1895 1614 1709 1699 1833 2159 1581 1854 1848 1763 1800 2057 1810 1802 1898 1836 1816 1788 2273 1627 1774 1772 1693 1995 1602 2219 1746 1819 2032 1690 1938 1702 1741 1674 1731 1873 1949 1628 1715 2158 1554 1928 1690 2102 1857 
1489 1546 1561 1721 1583 1432 1619 1438 1795 1611 1560 1793 1463 1688 1507 1528 1879 1535 1753 1546 1502 1894 1784 1857 1644 1686 1722 1564 1541 1647 1699 1399 1622 1725 1806 1532 1724 1649 1651 1857 1206 1639 1760 1371 1690 1805 1595 1504 1510 1763 1868 1465 1794 1807 1616 1703 1774 1803 1641 1598 1552 1676 1385 1883 1476 1398 1613 1478 1624 1318 2056 1635 1525 1842 1555 1484 1439 1591 1484 1542 1667 1613 1542 1621 1757 1455 1541 1639 1808 1722 
1831 2000 1996 2080 2131 1719 1938 1813 2156 2056 2076 2106 1804 2092 1894 1835 2347 2010 2059 1882 1879 2189 2080 2184 2013 2221 1899 1793 1841 1943 1980 1645 1849 1922 2094 1893 2062 2034 1886 2242 1784 2020 2163 1834 2005 2019 1804 1905 1867 1976 2241 1810 2135 2019 1925 2142 2001 2171 1926 1930 1963 1956 1713 2277 1735 1935 1955 1819 2035 1649 2362 2106 1783 2010 1783 2005 1791 1998 1808 1950 1968 2130 1857 1861 2193 1792 2120 1916 2194 2116 
2165 2308 1993 2368 2171 2072 2109 2022 2400 2194 2170 2349 1927 2224 2006 1930 2607 2198 2242 2016 1982 2383 2369 2417 2131 2364 2271 1934 2024 2138 2094 2044 2035 2128 2261 1930 2215 2067 2180 2364 1998 2318 2366 2096 2478 2243 1962 2167 2008 2035 2398 1988 2371 2315 2268 2394 2278 2238 2112 2014 2118 2064 1990 2381 1847 1938 2342 1909 2084 1974 2506 2155 2167 2251 1861 2291 1941 2153 2046 2189 2084 2256 2003 2015 2272 2041 2350 1933 2379 2153 
1838 1838 1557 2032 1963 1727 2039 1709 1990 1818 1929 1960 1586 2004 1708 1781 2258 1813 2057 1747 1680 2129 1921 2070 1705 2004 2006 1693 1835 2000 1845 1679 1797 1920 2024 1574 1954 1882 1817 2184 1747 1974 1975 1756 2075 1815 1852 1789 1848 1708 2056 1800 2142 2063 1923 1968 1920 2085 1781 1848 1821 1865 1700 2020 1692 1736 1936 1693 2050 1593 2263 1996 1846 2062 1766 1737 1754 1777 1804 1771 1901 1914 1714 1729 2092 1562 2024 1696 2151 1833 
1541 1775 1548 1909 1744 1642 1818 1483 1912 1693 1878 1887 1638 1666 1426 1622 2000 1669 1780 1641 1614 1989 1720 1940 1655 1899 1871 1499 1446 1554 1689 1620 1809 1818 1935 1592 1876 1773 1723 2002 1688 1859 1862 1589 1801 1725 1653 1627 1690 1609 2058 1492 1878 1767 1660 1831 1796 1915 1705 1784 1555 1736 1664 1913 1426 1671 1794 1645 1954 1503 2183 1691 1712 1777 1411 1556 1505 1725 1654 1647 1640 1767 1585 1491 1848 1515 1789 1679 1791 1814 
1894 2010 1765 1954 1715 1741 1794 1779 2063 1904 1992 2060 1783 1989 1699 1845 2314 1890 1906 1909 1820 2099 1947 2160 1938 2005 2108 1785 1651 1888 2024 1686 1908 1883 2009 1818 1927 1756 1933 2035 1679 1998 2060 1715 1960 1964 1784 1790 1743 1837 2170 1650 2002 1907 1962 1939 1820 2016 1901 1773 1880 1862 1549 2106 1628 1734 1744 1761 1825 1551 2308 1864 1854 1951 1802 1855 1563 1986 1793 1933 1766 2038 1718 1809 1973 1690 1962 1877 2051 1753 
1766 1941 1873 2091 1769 1826 1795 1824 2135 1971 1861 1708 1670 1968 1941 1737 2183 1941 1865 1692 1765 2060 2059 2116 1972 2223 1920 3408 1637 2113 1746 1762 1837 1763 1898 1694 1958 1901 1859 2158 1827 1892 2000 1718 2086 1873 1702 1792 1701 1826 2141 1917 1998 1930 1918 2108 2005 1850 1721 1851 1834 1785 1808 2135 1624 1836 1929 1677 1869 1557 2268 1962 1726 1999 1576 2014 1689 1946 1745 1870 1951 1996 1699 1855 1852 1712 2174 1801 2140 1909 
1730 1768 1661 1884 1615 1438 1733 1692 2016 1858 1886 1856 1633 1983 1598 1639 2016 1818 1828 1545 1727 1953 1807 1967 1757 1775 1833 1496 1585 1832 1783 1661 1701 1989 2055 1596 1881 1726 1663 2028 1567 1710 1997 1674 1939 1730 1664 1622 1653 1651 1813 1678 1793 1978 1820 1782 1743 1859 1698 1817 1642 1925 1481 1942 1539 1604 1743 1716 1758 1467 2085 1713 1544 1975 1621 1714 1599 1900 1814 1842 1740 1876 1653 1762 1865 1571 1952 1701 1898 1853 
1745 1946 1781 1874 1762 1740 1819 1798 1911 1901 1921 1823 1630 1907 1674 1681 2077 1811 1801 1656 1745 2016 1904 1948 1922 1838 2009 1697 1554 1839 1743 1618 1889 1773 3910 1620 1955 1862 1711 0 1741 1946 2034 1688 1912 1868 1596 1551 1736 1713 2096 1513 1764 1874 1638 1941 1758 1951 1677 1641 1863 1912 1528 2187 1596 1781 1752 1662 1839 1525 2109 1781 1770 1918 1670 1856 1632 1836 1632 1811 1909 1806 1527 1727 1895 1439 1906 1748 2007 1737 
1720 1993 1704 1844 2000 1719 1898 1690 2220 2158 2093 2022 1577 2026 1782 1670 2178 1942 1818 1782 1836 2012 1906 2211 1930 1937 1996 1732 1739 1714 1753 1849 1901 1869 1905 1682 1757 1811 1828 2254 1860 1842 2006 1715 2049 1950 1711 1843 1699 1818 2146 1834 2065 2060 1908 2055 2081 1945 1922 1955 1925 1902 1881 2052 1414 1888 1854 1907 2035 1553 2223 2030 1909 2145 1761 2004 1658 1847 1828 1835 1701 1984 1800 1773 2113 1665 2188 1844 2034 1857 
1842 1962 1637 1854 1779 1687 1858 1856 2015 2013 1841 2081 1615 2077 1775 1818 2197 1950 1829 1807 1746 2029 1932 2080 1836 2069 2030 1685 1709 1853 1743 1493 1844 1663 1975 1640 1780 1767 1881 2165 1703 1880 2034 1607 2032 1842 1844 1687 1719 1824 2061 1823 2039 2075 1874 1994 1975 1936 1845 1867 1889 1816 1751 1989 1508 1656 1892 1757 1949 1573 2241 1927 1751 1923 1696 1882 1604 1938 1850 1834 1903 2031 1694 1809 2031 1695 2014 1852 2048 1839 
1874 1894 1684 2015 1877 1729 2102 1672 1997 2043 1918 2077 1539 1969 1778 1869 2227 1909 1780 1775 1802 2121 1933 2265 1982 1871 2084 1847 1775 1900 1915 1637 1849 2062 2012 1643 1969 1929 1868 2186 1773 1922 1991 1632 1922 1863 1849 1783 1739 1790 2207 1827 1939 1915 1894 2022 2055 1851 1827 1854 1713 1858 1793 2072 1605 1678 1926 1883 1848 1646 2380 1865 1856 2169 1803 1847 1783 1931 1826 1801 1818 1917 1724 1903 2037 1589 1975 1786 2000 1845 
1615 1866 1598 1827 1911 1655 1813 1716 1940 1920 1778 1969 1460 1928 1828 1564 2031 1716 1628 1733 1652 2158 1913 2116 1820 1862 1952 1706 1820 1722 1773 1449 1801 1914 1804 1518 1817 1738 1801 2194 1641 1808 1900 1569 2049 1925 1654 1746 1611 1802 1961 1719 1975 1868 1730 1875 1887 1858 1764 1741 1761 1694 1587 2066 1658 1588 1882 1644 1815 1547 2032 1752 1749 2037 1714 1859 1660 1636 1655 1662 1762 1924 1684 1757 2103 1651 1884 1842 1953 1797 
1619 1799 1692 1837 1741 1683 1868 1779 1796 1712 1753 1799 1609 1891 1662 1618 2031 1803 1655 1656 1729 1987 1957 1851 1729 1945 1806 1620 1581 1780 1665 1628 1699 1835 1723 1611 1841 1900 1700 2016 1491 1824 1935 1585 1980 1778 1580 1552 1720 1674 1882 1844 1753 1888 1704 1812 1784 1591 1803 1699 1691 1854 1512 2020 1432 1626 1738 1593 1706 1615 2208 1645 1726 1945 1744 1788 1625 1835 1718 1809 1676 1831 1554 1685 1965 1531 1922 1720 1870 1853 
1952 2053 1993 2014 1961 1744 1897 2016 2173 1983 1909 2081 1799 2033 1926 1784 2233 2057 1945 1767 1871 2214 2091 2219 2107 2162 2148 1864 1806 1840 1942 1695 1900 1905 2134 1853 2079 1996 1946 2295 1821 2047 2132 1846 2055 2070 1669 1868 1709 1959 2208 1805 2126 2151 2013 2142 1955 2055 1807 2061 1942 1864 1825 2139 1738 1903 2059 1992 1954 1675 2396 1994 1893 2164 1735 2061 1643 1929 1741 1881 1916 1986 1800 1940 2097 1734 1959 2090 2266 2027 
1844 1931 1566 1843 1795 1742 1725 1698 1831 1810 1864 1876 1567 1770 1581 1593 2146 1754 1708 1790 1703 2053 1812 2140 1818 1916 1928 1648 1726 1820 1800 1575 1788 1779 1857 1674 1794 1819 1747 2056 1514 1829 1915 1551 1826 1716 1764 1647 1691 1777 2016 1697 1786 1884 1643 1953 1719 1870 1743 1744 1768 1734 1524 1966 1511 1559 1794 1745 1776 1567 2169 1707 1824 1988 1771 1742 1650 1761 1715 1854 1711 1729 1595 1621 1900 1414 1791 1719 1821 1717 
1713 1793 1641 1991 1762 1797 1989 1709 1866 1929 1855 1900 1704 1986 1720 1694 2202 1790 1849 1670 1831 1917 1827 1933 1821 2182 2016 1709 1656 1885 1842 1689 1766 1782 1856 1565 1805 1682 1666 1966 1778 1946 1841 1707 2039 1905 1682 1665 1761 1631 2108 1833 2031 1945 1830 1920 1965 1878 1772 1721 1524 1638 1677 2022 1540 1713 1930 1633 1877 1541 2200 1685 1811 2036 1582 1815 1623 1754 1746 1689 1741 1976 1701 1606 1932 1586 2017 1603 1929 1744 
1545 1794 1529 1698 1779 1508 1598 1540 1858 1674 1846 1762 1467 3202 1406 1473 1885 1612 1699 1551 1523 1831 1810 1772 1589 1789 1639 1515 1480 1624 1689 1457 1513 1654 1678 1510 1710 1388 1479 1764 1556 1474 1819 1446 1775 1745 1572 1514 1502 1659 1901 1569 1834 1640 1578 1697 1709 1855 1621 1608 1615 1489 1542 1827 1296 1538 1703 1563 1735 1220 2044 1820 1416 1732 1430 1652 1549 1477 1542 1522 1566 1821 1562 1550 1908 1403 1706 1566 1826 1730 
1636 1840 1635 1901 1707 1691 1829 1627 1816 1743 1868 1889 1611 1872 1448 1612 2148 1879 1782 1782 1732 2019 1804 1975 1761 1975 2042 1621 1614 1802 1704 1546 1884 1896 1899 1524 1843 1736 1794 2076 1674 1894 1904 1587 1921 1706 1706 1703 1739 1677 2020 1696 1786 1908 1645 1737 1948 1901 1574 1939 1678 1727 1530 1970 1539 1543 1774 1819 1846 1450 2115 1755 1704 1910 1766 1678 1494 1701 1739 1655 1754 1837 1584 1794 1947 1608 1920 1771 2017 1727 
1854 2065 1774 2021 1702 1730 1956 1828 2030 2017 2006 2069 1913 2031 1663 1718 2211 1758 2064 1688 1935 2065 2000 2044 1944 2089 2054 1627 1833 2100 1981 1874 1910 1905 2097 1691 2045 1866 1945 2338 1796 2149 2128 1738 2009 2065 1709 1761 1930 1861 2162 1758 2065 2005 1987 1986 1909 2158 1866 1910 1711 1878 1646 2255 1755 1789 1888 1893 1996 1636 2341 1913 1818 2124 1797 1865 1618 1833 1846 1855 1990 2078 1800 1683 2100 1818 2004 1911 2146 1868 
1477 1747 1535 1842 1816 1658 1725 1614 1828 1770 1801 1802 1402 1864 1637 1524 1831 1873 1636 1554 1532 1852 1836 1842 1659 1729 1792 1523 1356 1604 1602 1502 1590 1691 1659 1447 1736 1644 1687 1951 1491 1678 1836 1447 1808 1692 1507 1606 1574 1574 1862 1563 1822 1864 1774 1817 1981 1739 1707 1834 1614 1611 1675 1881 1463 1550 1684 1639 1693 1465 2013 1652 1624 1748 1679 1567 1608 1661 1597 1550 1641 1779 1604 1729 1763 1820 1933 1676 1803 1800 
1993 2027 1716 2004 1946 1877 2111 1856 2062 2207 2162 2200 1894 2149 1875 2053 2439 2043 2053 1939 1995 2191 1944 2225 2031 2214 2259 1724 1942 1983 1816 1795 2049 2033 2229 1787 1914 2057 2047 2314 1912 2089 2316 1756 2265 1967 1869 1874 2059 1989 2486 1969 1983 2261 2173 1973 2135 2093 1937 2212 1870 1949 1802 2373 1817 1865 2007 1985 2048 1830 2470 1855 2044 2168 1938 2085 1819 2018 2008 1959 2090 2134 1977 1805 2286 1869 2227 1924 2210 1993 
1692 1904 1814 1938 1838 1813 2051 1906 2003 2215 1969 1911 1696 2088 1758 1779 2364 1889 1953 1869 1827 2081 2040 2135 1977 2180 2151 1750 1700 1981 2062 1789 1812 1900 2049 1705 2021 1868 1846 2166 1887 2034 2172 1763 2045 1963 1751 1713 1865 1844 2312 1788 1973 1893 1952 2109 1997 1951 1901 1849 1898 1922 1779 2153 1606 1784 1875 1734 2002 1653 2401 1922 1953 2047 1785 1955 1733 2065 1924 2018 1909 1918 1805 1843 1922 1728 2094 1749 2057 1963 
1713 2016 1602 1945 1790 1560 2015 1633 1756 1896 1725 1886 1626 1888 1784 1751 2217 1756 1723 1694 1747 1971 1812 2018 1915 1944 1974 1769 1697 1824 1843 1609 1680 1907 1790 1491 1820 1664 1637 1974 1723 1833 1857 1579 1808 1714 1594 1781 1542 1767 1961 1697 1963 1846 1697 1747 2053 1623 1713 1935 1627 1805 1611 1977 1550 1646 1733 1907 1895 1643 2169 1752 1706 2110 1882 1761 1528 1715 1759 1664 1707 1778 1516 1748 1900 1597 1852 1668 1810 1644 
1768 1868 1605 1851 1721 1835 1752 1797 1765 2022 1815 1729 1578 1982 1777 1721 2163 1797 1864 1684 1675 1874 2019 1964 1793 2035 1871 1660 1695 1778 1792 1500 1695 1741 1781 1724 1839 1664 1671 2102 1590 1823 1792 1782 2024 1805 1643 1593 1732 1710 2022 1835 1804 1877 1804 1856 1780 1841 1836 1793 1866 1791 1617 2055 1611 1636 1792 1626 1731 1493 2240 1781 1757 1755 1576 1943 1671 1850 1687 1775 1778 1817 1731 1611 1874 1515 1925 1709 1928 1773 
1702 1897 1704 1815 1772 1667 1749 1598 1807 1802 1929 1874 1537 2021 1628 1725 1964 1759 1640 1572 1655 1805 1885 2048 1699 1848 1895 1522 1592 1642 1684 1552 1808 1801 1718 1425 1782 1744 1804 2067 1611 1908 1879 1521 1889 1647 1690 1545 1658 1640 1993 1634 1819 1855 1871 1833 2009 1710 1598 1848 1638 1807 1551 2008 1465 1563 1767 1683 1812 1554 2198 1850 1626 1932 1673 1834 1612 1788 1683 1654 1737 1977 1745 1723 1972 1558 2018 1704 1862 1730 
1681 1811 1622 1990 1692 1693 1874 1553 1811 1708 1888 1937 1802 1730 1440 1648 2119 1618 1770 1602 1636 1856 1919 1821 1845 1989 1839 1609 1589 1851 1659 1644 1746 1831 1815 1582 1818 1749 1642 2037 1684 1893 1874 1611 1799 1852 1659 1696 1736 1741 2128 1561 1883 1899 1599 1769 1874 1969 1525 1690 1473 1714 1664 2160 1542 1599 1725 1667 1782 1363 2113 1721 1596 1778 1663 1653 1488 1683 1584 1799 1969 1871 1560 1598 1856 1469 1836 1739 1871 1645 
1831 1886 1898 1969 1810 1820 1862 1718 2131 1994 2022 1863 1706 2004 1651 1830 2306 1822 1919 1890 1764 2099 2054 2218 1923 2095 2106 1676 1767 2019 1936 1753 1912 1838 1837 1754 1905 1890 1859 2243 1640 1906 2103 1695 1968 1979 1773 1842 1860 1885 2343 1816 1929 2032 2082 1896 2090 2075 1738 1953 1765 1857 1848 2237 1715 1668 1757 1786 1911 1609 2430 1861 1818 2184 1850 2000 1740 1971 1715 1914 1952 1994 1942 1959 1954 1516 2058 1809 2077 1789 
1770 1893 1642 1943 1742 1675 1828 1602 1874 1815 1654 1850 1559 1914 1703 1581 2027 1851 1846 1590 1655 1772 1916 2015 1849 1926 1889 1704 1663 1881 1687 1640 1570 1852 1862 1749 1797 1682 1781 2115 1653 1861 2000 1538 1975 1670 1641 1602 1725 1672 1968 1707 1823 1868 1830 1894 1960 1846 1727 1772 1681 1754 1535 1882 1508 1638 1847 1669 1719 1526 2052 1789 1604 1836 1645 1714 1527 1780 1754 1842 1717 1706 1592 1672 1821 1724 1805 1622 1827 1728 
1628 1863 1538 1818 1676 1508 1607 1657 1761 1696 1822 1789 1616 1720 1609 1554 2018 1761 1665 1684 1512 1839 1737 1881 1688 1662 1897 1564 1537 1686 1537 1604 1640 1684 1843 1586 1690 1707 1670 1928 1589 1502 1865 1406 1746 1830 1567 1600 1541 1695 1936 1637 1795 1935 1623 1846 1881 1735 1495 1739 1529 1748 1426 1897 1363 1622 1710 1694 1843 1418 1933 1589 1498 1936 1813 1691 1353 1735 1580 1774 1702 1778 1526 1715 1864 1451 1903 1713 1802 1584 
1733 1706 1661 1964 1789 1522 1887 1671 2072 1817 1824 1854 1672 1969 1736 1600 1997 1934 1804 1665 1662 2028 2000 1994 1741 1889 1991 1645 1556 1797 1752 1634 1704 1847 1846 1691 1898 1694 1812 1989 1599 1865 1922 1700 1898 1813 1621 1727 1789 1560 2091 1833 1984 2048 1928 1837 1911 1831 1682 1747 1604 1707 1537 2039 1527 1528 1778 1656 1666 1629 2187 1873 1782 2031 1768 1655 1609 1742 1733 1643 1719 1905 1731 1791 2015 1592 1975 1832 2032 1680 
1845 1993 1837 2006 1918 1781 1980 1751 2138 1950 1996 2148 1761 1952 1763 1612 2169 1880 1877 1824 1924 2219 1887 2291 2136 2002 2268 1802 1773 1874 1943 1786 1798 1864 1995 1774 1972 1897 1784 2237 1720 1996 2084 1630 2029 2050 1781 1769 1995 1908 2291 1782 2086 2053 1779 2045 2054 2116 1851 1823 1864 1845 1762 2160 1593 1785 1853 1933 1928 1573 2365 1890 1930 2258 1929 1916 1681 1769 1836 1789 1925 1921 1808 1798 2033 1623 1980 1799 2189 1982 
1852 2036 1828 2144 1917 1786 2114 1882 2038 1998 2088 2039 1827 2001 1735 1831 2086 1996 1853 1828 2004 2306 2015 2227 2084 2022 2127 1824 1784 2067 1838 1796 1949 1997 2068 1702 2091 1915 1966 2322 1761 2029 2164 1621 2085 2064 1696 1794 1896 1857 2276 1883 2008 2119 1878 2128 2043 1909 1881 1918 1748 1939 1731 2330 1685 1904 2004 1946 1945 1840 2316 1722 1944 2223 2018 1699 1778 1802 1914 1816 1933 1937 1567 1736 2175 1849 2043 1924 2162 1902 
1638 2046 1707 1890 1818 1709 1681 1675 1850 1781 2026 2005 1635 1973 1663 1454 2042 1741 1748 1632 1778 1918 1899 2199 1876 2018 1869 1630 1583 1901 1783 1719 1748 1874 1762 1475 1768 1718 1650 2038 1668 1783 2041 1480 1816 1909 1596 1741 1702 1674 1933 1450 1845 1741 1658 1859 1886 2063 1580 1699 1718 1788 1543 2065 1459 1517 1738 1648 1880 1533 2133 1712 1616 1809 1601 1644 1463 1716 1710 1783 1651 1945 1552 1757 1883 1708 1847 1744 1860 1668 
1911 2088 1994 1988 2005 1944 2066 1888 2189 1961 2117 2093 1936 2031 1976 1864 2221 1837 1917 1796 1979 2362 2285 2269 2071 2238 2151 1848 1776 2155 2054 1957 2068 2042 1993 1872 2168 1891 1969 2236 1788 2068 2249 1763 2155 2261 1837 1824 1977 1954 2302 1858 2029 1947 1901 2024 2027 2089 1931 1947 1942 2033 1753 2426 1880 1914 1938 1837 1945 1637 2368 1930 1929 2102 1863 2014 1898 1956 1882 2019 1848 2153 1858 1968 2103 1803 2061 1897 2229 2011 
1702 1815 1675 1901 1773 1707 1828 1802 1949 1726 1881 1910 1774 1944 1711 1723 2206 1754 1967 1797 1761 2086 1959 1914 1767 2007 1934 1713 1661 1980 1883 1620 1793 1708 1847 1499 1888 1744 1707 2004 1523 1876 2071 1552 1902 1861 1712 1719 1792 1803 2041 1658 1877 1844 1840 1815 1842 1970 1667 1807 1737 1777 1609 2037 1639 1713 1823 1683 1831 1582 2140 1841 1742 2043 1704 1749 1644 1845 1662 1842 1836 1883 1637 1794 1939 1580 1942 1636 2120 1755 
1415 1451 1314 1569 1450 1446 1462 1283 1708 1500 1622 1677 1238 1553 1284 1434 1695 1420 1531 1345 1387 1626 1490 1737 1532 1555 1637 1207 1352 1565 1495 1379 1546 1424 1657 1205 1605 1476 1572 1787 1386 1582 1564 1257 1661 1537 1433 1444 1468 1377 1717 1496 1551 1635 1434 1624 1607 1473 1391 1545 1458 1493 1304 1630 1318 1324 1461 1419 1442 1268 1840 1528 1469 1614 1331 1509 1264 1508 1484 1290 1586 1692 1440 1393 1580 1353 1596 1434 1634 1528 
1671 1881 1772 1974 1740 1553 1806 1840 1807 1972 1928 1838 1676 1891 1721 1784 2133 1885 1789 1553 1790 1915 1895 1936 1898 1878 1915 1657 1583 1827 1772 1547 1803 1864 1856 1599 1944 1704 1660 2160 1713 1883 1969 1822 2035 1905 1573 1779 1689 1690 2048 1606 1790 1874 1786 1834 2058 1887 1549 1846 1638 1813 1654 2131 1473 1674 1807 1703 1665 1491 2132 1786 1680 1939 1587 1910 1590 1852 1702 1599 1828 1889 1810 1752 1934 1610 1939 1627 1991 1819 
1518 1814 1668 1749 1665 1636 1768 1657 1893 1703 1713 1760 1482 1863 1546 1706 1854 1656 1652 1584 1676 1958 1923 1960 1752 1854 1792 1400 1329 1666 1730 1491 1769 1834 1616 1406 1786 1807 1713 2051 1581 1860 1809 1500 1826 1761 1642 1552 1703 1692 1775 1647 1718 1656 1689 1696 1974 1726 1591 1866 1706 1757 1662 2018 1473 1548 1548 1541 1597 1598 2090 1876 1552 1798 1519 1874 1574 1802 1696 1549 1668 1848 1572 1747 1762 1652 1874 1635 1982 1789 
1625 1763 1480 1888 1788 1645 1638 1610 1904 1740 1830 1801 1573 1837 1633 1695 1932 1768 1766 1672 1621 1931 1871 2008 1779 1829 1778 1435 1446 1701 1834 1638 1680 1693 1788 1470 1738 1647 1606 1902 1497 1638 1904 1457 1660 1825 1569 1494 1585 1559 1981 1666 1868 1764 1789 1695 1862 1762 1553 1757 1542 1545 1628 1879 1549 1539 1621 1614 1792 1465 1954 1659 1624 1843 1710 1710 1498 1664 1582 1591 1525 1728 1492 1609 1756 1561 1743 1777 1997 1585 
1475 1828 1568 1873 1669 1557 1852 1583 1889 1773 1834 1872 1639 1864 1689 1604 2036 1817 1721 1580 1699 1975 1767 1899 1695 1865 1885 1666 1492 1919 1627 1491 1835 1704 1878 1536 1833 1634 1701 2036 1708 1924 1866 1508 1863 1804 1586 1809 1793 1608 2042 1621 1803 1887 1789 1880 1830 1937 1684 1683 1644 1631 1621 1898 1546 1596 1817 1689 1743 1472 2117 1728 1691 1858 1550 1724 1598 1769 1750 1680 1836 1899 1677 1520 2010 1764 2015 1697 1979 1798 
1909 2224 1889 1958 1876 1865 1909 1626 2107 2150 2006 2118 1782 2106 1845 1914 2303 1894 1933 1895 1906 2137 2066 2301 1896 2184 2213 1639 1811 1882 1946 1722 2031 1959 2100 1617 2037 1872 1916 2238 1833 1907 2155 1796 2011 2000 1893 1804 1848 1756 2181 1895 2050 1991 1943 1898 2076 2110 1855 2062 1967 1895 1682 2116 1729 1756 1789 1931 2089 1585 2301 2024 1798 2144 1800 2082 1720 1902 1765 1860 1887 1947 1802 1921 1944 1788 2064 1786 2126 1957 
1943 2009 1700 1983 1908 1683 1901 1936 1974 2179 1964 1933 1637 2074 1763 1857 2193 1832 2149 1832 1791 2143 2029 2023 1992 2097 2036 1738 1822 2000 1970 1681 2033 1942 2060 1731 1956 1958 1799 2211 1661 1928 2129 1753 2181 2008 1799 1599 1826 1972 2213 1872 2063 2059 1844 2020 1946 1915 1862 1700 1964 2035 1649 2199 1633 1703 1962 1713 1945 1554 2413 1913 2017 2061 1707 1952 1782 1876 1835 1833 2022 1986 1800 1856 2140 1568 1956 1873 2102 1810 
1504 1550 1387 1681 1538 1494 1626 1543 1730 1719 1557 1572 1387 1855 1595 1455 1809 1501 1584 1517 1468 1835 1797 1725 1725 1715 1727 1434 1435 1615 1586 1640 1521 1573 1669 1407 1610 1545 1432 1805 1388 1575 1754 1368 1785 1623 1460 1424 1539 1348 1792 1609 1666 1692 1539 1552 1657 1534 1674 1547 1642 1665 1524 1833 1422 1460 1561 1461 1578 1326 1772 1537 1658 1763 1629 1633 1419 1707 1515 1600 1475 1558 1470 1537 1631 1492 1857 1475 1839 1607 
1743 1885 1755 2015 1973 1790 1994 1702 2003 1880 2005 2101 1846 1836 1736 1555 2105 1956 1841 1705 1814 2049 1943 2046 1902 1987 1980 1646 1557 1886 1709 1725 1847 1840 1921 1660 1871 1884 1896 2111 1785 1910 2166 1584 1982 1999 1765 1803 1765 1803 2068 1803 2007 2003 1807 2095 2035 1926 1898 1848 1716 1822 1720 1992 1596 1894 1897 1748 1934 1702 2275 1873 1717 2062 1692 1911 1680 1787 1717 1775 1751 2038 1600 1626 2053 1838 1987 1749 2015 1887 
1763 1889 1727 1997 1850 1721 2026 1759 2007 1969 1888 2043 1674 1991 1809 1780 2120 1945 2008 1790 1835 2186 2032 2180 1937 2049 2039 1766 1617 1980 1882 1684 1937 1872 2037 1619 2039 1858 1922 2073 1817 2022 1961 1678 1878 1959 1800 1897 1797 1724 2185 1777 1938 1946 1858 1976 1961 1978 1847 1936 1815 1893 1659 2159 1654 1784 1937 1814 1959 1697 2352 1982 1797 2026 1725 1961 1449 2015 1812 1753 1846 2050 1717 1854 2001 1720 2012 1752 2177 1853 
1442 1771 1586 1797 1553 1444 1755 1543 1975 1636 1662 1896 1565 1703 1590 1559 1878 1711 1602 1559 1707 1879 1830 1819 1749 1668 1890 1499 1506 1633 1696 1416 1755 1673 1867 1527 1867 1548 1748 1979 1551 1757 1906 1480 1827 1800 1429 1515 1653 1634 2012 1542 1793 1912 1687 1816 1840 1740 1572 1804 1555 1608 1474 1937 1563 1594 1741 1553 1666 1439 2028 1532 1692 1829 1618 1677 1451 1661 1679 1589 1734 1724 1521 1483 3592 1724 1770 1666 2006 1789 
1793 1915 1659 1933 1770 1614 1881 1637 2032 1874 1713 1963 1557 2022 1741 1727 2076 1772 1750 1774 1624 1959 2007 2150 1813 1826 1960 1621 1638 1827 1694 1469 1883 1828 2062 1619 1898 1727 1821 2058 1601 1821 2043 1547 1927 1801 1712 1666 1717 1804 2051 1694 1904 2024 1775 1935 1904 1840 1797 1784 1885 1825 1563 1964 1659 1650 1825 1639 1888 1599 2219 1847 1629 2002 1747 1712 1487 1806 1726 1923 1825 1968 1701 1920 1823 1659 1869 1707 1904 1626 

